,_id,AIRPORT,Year_Ended_December,Rank,Dom_Acm_In,Dom_Acm_Out,Dom_Acm_Total,Int_Acm_In,Int_Acm_Out,Int_Acm_Total,Acm_In,Acm_Out,Acm_Total
0,1,TOTAL AUSTRALIA,1985,,425190,425190,850380,21063,20828,41891,446253,446018,892271
1,2,TOTAL AUSTRALIA,1986,,427697,427697,855394,24150,24068,48218,451847,451765,903612
2,3,TOTAL AUSTRALIA,1987,,429860,429860,859720,26795,26669,53464,456655,456529,913184
3,4,TOTAL AUSTRALIA,1988,,450392,450392,900784,30215,29919,60134,480607,480311,960918
4,5,TOTAL AUSTRALIA,1989,,386229,386229,772458,33784,33221,67005,420013,419450,839463
5,6,TOTAL AUSTRALIA,1990,,415175,415175,830350,36401,35956,72357,451576,451131,902707
6,7,TOTAL AUSTRALIA,1991,,469821,469821,939642,37088,36930,74018,506909,506751,1013660
7,8,TOTAL AUSTRALIA,1992,,508792,508792,1017584,40560,40430,80990,549352,549222,1098574
8,9,TOTAL AUSTRALIA,1993,,527512,527512,1055024,43677,43491,87168,571189,571003,1142192
9,10,TOTAL AUSTRALIA,1994,,550023,550022,1100045,44127,43829,87956,594150,593851,1188001
10,11,TOTAL AUSTRALIA,1995,,570942,570942,1141884,47721,47246,94967,618663,618188,1236851
11,12,TOTAL AUSTRALIA,1996,,588790,588791,1177581,51423,50900,102323,640213,639691,1279904
12,13,TOTAL AUSTRALIA,1997,,581723,581723,1163446,52919,52283,105202,634642,634006,1268648
13,14,TOTAL AUSTRALIA,1998,,584513,584513,1169026,53347,52791,106138,637860,637304,1275164
14,15,TOTAL AUSTRALIA,1999,,587612,587612,1175224,52822,52332,105154,640434,639944,1280378
15,16,TOTAL AUSTRALIA,2000,,605780,605780,1211560,56196,55658,111854,661976,661438,1323414
16,17,TOTAL AUSTRALIA,2001,,563927,563927,1127854,55081,54631,109712,619008,618558,1237566
17,18,TOTAL AUSTRALIA,2002,,478711,478711,957422,52748,52537,105285,531459,531248,1062707
18,19,TOTAL AUSTRALIA,2003,,478087,478087,956174,54353,54211,108564,532440,532298,1064738
19,20,TOTAL AUSTRALIA,2004,,523678,523678,1047356,63977,63989,127966,587655,587667,1175322
20,21,TOTAL AUSTRALIA,2005,,541591,541591,1083182,67194,67129,134323,608785,608720,1217505
21,22,TOTAL AUSTRALIA,2006,,538902,538902,1077804,65812,65738,131550,604714,604640,1209354
22,23,TOTAL AUSTRALIA,2007,,545378,545378,1090756,67344,67186,134530,612722,612564,1225286
23,24,TOTAL AUSTRALIA,2008,,568360,568360,1136720,71732,71610,143342,640092,639970,1280062
24,25,TOTAL AUSTRALIA,2009,,555303,555303,1110606,74811,74456,149267,630114,629759,1259873
25,26,TOTAL AUSTRALIA,2010,,599861,599861,1199722,78991,78773,157764,678852,678634,1357486
26,27,TOTAL AUSTRALIA,2011,,605556,605556,1211112,81855,81693,163548,687411,687249,1374660
27,28,TOTAL AUSTRALIA,2012,,631862,631862,1263724,83645,83453,167098,715507,715315,1430822
28,29,TOTAL AUSTRALIA,2013,,642671,642671,1285342,88067,87872,175939,730738,730543,1461281
29,30,TOTAL AUSTRALIA,2014,,633661,633661,1267322,90868,90727,181595,724529,724388,1448917
30,31,TOTAL AUSTRALIA,2015,,636917,636917,1273834,89957,89815,179772,726874,726732,1453606
31,32,TOTAL AUSTRALIA,2016,,643670,643670,1287340,96816,96791,193607,740486,740461,1480947
32,33,TOTAL AUSTRALIA,2017,,638203,638203,1276406,100635,100551,201186,738838,738754,1477592
33,34,TOTAL AUSTRALIA,2018,,629140,629140,1258280,105194,105161,210355,734334,734301,1468635
34,35,TOTAL AUSTRALIA,2019,,635632,635632,1271264,105814,105855,211669,741446,741487,1482933
35,36,TOTAL AUSTRALIA,2020,,282290,282290,564580,39202,39074,78276,321492,321364,642856
36,37,ADELAIDE,1985,4,23526,23498,47024,443,443,886,23969,23941,47910
37,38,ADELAIDE,1986,3,26266,26330,52596,834,837,1671,27100,27167,54267
38,39,ADELAIDE,1987,4,23042,22929,45971,817,819,1636,23859,23748,47607
39,40,ADELAIDE,1988,4,23631,23619,47250,814,813,1627,24445,24432,48877
40,41,ADELAIDE,1989,4,21611,21726,43337,985,980,1965,22596,22706,45302
41,42,ADELAIDE,1990,4,21588,21650,43238,1103,1101,2204,22691,22751,45442
42,43,ADELAIDE,1991,4,25791,25734,51525,1152,1159,2311,26943,26893,53836
43,44,ADELAIDE,1992,4,27621,27592,55213,1187,1185,2372,28808,28777,57585
44,45,ADELAIDE,1993,4,28223,28148,56371,1133,1134,2267,29356,29282,58638
45,46,ADELAIDE,1994,4,29483,29472,58955,1146,1146,2292,30629,30618,61247
46,47,ADELAIDE,1995,4,31700,31637,63337,1067,1068,2135,32767,32705,65472
47,48,ADELAIDE,1996,4,32932,32898,65830,1087,1080,2167,34019,33978,67997
48,49,ADELAIDE,1997,4,34339,34316,68655,1021,1013,2034,35360,35329,70689
49,50,ADELAIDE,1998,4,35724,35668,71392,1018,1025,2043,36742,36693,73435
50,51,ADELAIDE,1999,4,35087,35105,70192,983,968,1951,36070,36073,72143
51,52,ADELAIDE,2000,4,34669,34669,69338,947,974,1921,35616,35643,71259
52,53,ADELAIDE,2001,4,35128,35068,70196,879,937,1816,36007,36005,72012
53,54,ADELAIDE,2002,4,32300,32243,64543,820,883,1703,33120,33126,66246
54,55,ADELAIDE,2003,4,31712,31723,63435,888,885,1773,32600,32608,65208
55,56,ADELAIDE,2004,4,33617,33687,67304,995,995,1990,34612,34682,69294
56,57,ADELAIDE,2005,4,34149,34203,68352,1169,1170,2339,35318,35373,70691
57,58,ADELAIDE,2006,4,34273,34271,68544,1423,1422,2845,35696,35693,71389
58,59,ADELAIDE,2007,4,35670,35722,71392,1526,1522,3048,37196,37244,74440
59,60,ADELAIDE,2008,4,35755,35682,71437,1662,1662,3324,37417,37344,74761
60,61,ADELAIDE,2009,5,34719,34765,69484,1761,1760,3521,36480,36525,73005
61,62,ADELAIDE,2010,5,37063,37023,74086,1643,1642,3285,38706,38665,77371
62,63,ADELAIDE,2011,5,35038,34993,70031,1728,1727,3455,36766,36720,73486
63,64,ADELAIDE,2012,5,34994,34964,69958,2020,2026,4046,37014,36990,74004
64,65,ADELAIDE,2013,5,35541,35520,71061,2353,2357,4710,37894,37877,75771
65,66,ADELAIDE,2014,5,36359,36369,72728,2668,2680,5348,39027,39049,78076
66,67,ADELAIDE,2015,5,37064,37050,74114,2147,2145,4292,39211,39195,78406
67,68,ADELAIDE,2016,5,37201,37177,74378,2322,2336,4658,39523,39513,79036
68,69,ADELAIDE,2017,5,36626,36626,73252,2386,2380,4766,39012,39006,78018
69,70,ADELAIDE,2018,5,36572,36550,73122,2490,2485,4975,39062,39035,78097
70,71,ADELAIDE,2019,5,36911,36855,73766,2711,2722,5433,39622,39577,79199
71,72,ADELAIDE,2020,5,15752,15707,31459,779,789,1568,16531,16496,33027
72,73,ALBANY,1985,,596,596,1192,0,0,0,596,596,1192
73,74,ALBANY,1986,,624,624,1248,0,0,0,624,624,1248
74,75,ALBANY,1987,,631,630,1261,0,0,0,631,630,1261
75,76,ALBANY,1988,,623,623,1246,0,0,0,623,623,1246
76,77,ALBANY,1989,,621,621,1242,0,0,0,621,621,1242
77,78,ALBANY,1990,,592,592,1184,0,0,0,592,592,1184
78,79,ALBANY,1991,,613,615,1228,0,0,0,613,615,1228
79,80,ALBANY,1992,,614,614,1228,0,0,0,614,614,1228
80,81,ALBANY,1993,,616,616,1232,0,0,0,616,616,1232
81,82,ALBANY,1994,,642,640,1282,0,0,0,642,640,1282
82,83,ALBANY,1995,,636,638,1274,0,0,0,636,638,1274
83,84,ALBANY,1996,,632,633,1265,0,0,0,632,633,1265
84,85,ALBANY,1997,,618,616,1234,0,0,0,618,616,1234
85,86,ALBANY,1998,,614,616,1230,0,0,0,614,616,1230
86,87,ALBANY,1999,,658,658,1316,0,0,0,658,658,1316
87,88,ALBANY,2000,,778,778,1556,0,0,0,778,778,1556
88,89,ALBANY,2001,,679,679,1358,0,0,0,679,679,1358
89,90,ALBANY,2002,,677,676,1353,0,0,0,677,676,1353
90,91,ALBANY,2003,,670,670,1340,0,0,0,670,670,1340
91,92,ALBANY,2004,,686,686,1372,0,0,0,686,686,1372
92,93,ALBANY,2005,,739,738,1477,0,0,0,739,738,1477
93,94,ALBANY,2006,,802,807,1609,0,0,0,802,807,1609
94,95,ALBANY,2007,,862,861,1723,0,0,0,862,861,1723
95,96,ALBANY,2008,,939,937,1876,0,0,0,939,937,1876
96,97,ALBANY,2009,,871,871,1742,0,0,0,871,871,1742
97,98,ALBANY,2010,,894,894,1788,0,0,0,894,894,1788
98,99,ALBANY,2011,,952,951,1903,0,0,0,952,951,1903
99,100,ALBANY,2012,,1000,999,1999,0,0,0,1000,999,1999
100,101,ALBANY,2013,,996,995,1991,0,0,0,996,995,1991
101,102,ALBANY,2014,,990,992,1982,0,0,0,990,992,1982
102,103,ALBANY,2015,,765,764,1529,0,0,0,765,764,1529
103,104,ALBANY,2016,,1110,1112,2222,0,0,0,1110,1112,2222
104,105,ALBANY,2017,,1164,1162,2326,0,0,0,1164,1162,2326
105,106,ALBANY,2018,,1165,1164,2329,0,0,0,1165,1164,2329
106,107,ALBANY,2019,,1171,1171,2342,0,0,0,1171,1171,2342
107,108,ALBANY,2020,,671,671,1342,0,0,0,671,671,1342
108,109,ALBURY,1985,12,5499,5495,10994,0,0,0,5499,5495,10994
109,110,ALBURY,1986,13,5919,5899,11818,0,0,0,5919,5899,11818
110,111,ALBURY,1987,13,5849,5839,11688,0,0,0,5849,5839,11688
111,112,ALBURY,1988,15,5058,5052,10110,0,0,0,5058,5052,10110
112,113,ALBURY,1989,16,3956,3940,7896,0,0,0,3956,3940,7896
113,114,ALBURY,1990,21,3882,3820,7702,0,0,0,3882,3820,7702
114,115,ALBURY,1991,20,4198,4253,8451,0,0,0,4198,4253,8451
115,116,ALBURY,1992,21,4366,4305,8671,0,0,0,4366,4305,8671
116,117,ALBURY,1993,16,5487,5518,11005,0,0,0,5487,5518,11005
117,118,ALBURY,1994,14,6282,6281,12563,0,0,0,6282,6281,12563
118,119,ALBURY,1995,13,6505,6488,12993,0,0,0,6505,6488,12993
119,120,ALBURY,1996,14,6101,6103,12204,0,0,0,6101,6103,12204
120,121,ALBURY,1997,16,5780,5791,11571,0,0,0,5780,5791,11571
121,122,ALBURY,1998,17,5685,5695,11380,0,0,0,5685,5695,11380
122,123,ALBURY,1999,14,5759,5764,11523,0,0,0,5759,5764,11523
123,124,ALBURY,2000,16,6094,6096,12190,0,0,0,6094,6096,12190
124,125,ALBURY,2001,16,5299,5300,10599,0,0,0,5299,5300,10599
125,126,ALBURY,2002,20,3582,3570,7152,0,0,0,3582,3570,7152
126,127,ALBURY,2003,14,4072,4069,8141,0,0,0,4072,4069,8141
127,128,ALBURY,2004,16,4276,4284,8560,0,0,0,4276,4284,8560
128,129,ALBURY,2005,17,4288,4286,8574,0,0,0,4288,4286,8574
129,130,ALBURY,2006,17,4398,4396,8794,0,0,0,4398,4396,8794
130,131,ALBURY,2007,17,4475,4470,8945,0,0,0,4475,4470,8945
131,132,ALBURY,2008,16,4943,4944,9887,0,0,0,4943,4944,9887
132,133,ALBURY,2009,16,4658,4674,9332,0,0,0,4658,4674,9332
133,134,ALBURY,2010,16,4647,4653,9300,0,0,0,4647,4653,9300
134,135,ALBURY,2011,16,4615,4622,9237,0,0,0,4615,4622,9237
135,136,ALBURY,2012,18,4221,4249,8470,0,0,0,4221,4249,8470
136,137,ALBURY,2013,18,4087,4126,8213,0,0,0,4087,4126,8213
137,138,ALBURY,2014,18,3971,3968,7939,0,0,0,3971,3968,7939
138,139,ALBURY,2015,18,3798,3797,7595,0,0,0,3798,3797,7595
139,140,ALBURY,2016,16,4018,3981,7999,0,0,0,4018,3981,7999
140,141,ALBURY,2017,17,4282,4272,8554,0,0,0,4282,4272,8554
141,142,ALBURY,2018,17,3876,3867,7743,0,0,0,3876,3867,7743
142,143,ALBURY,2019,18,3876,3866,7742,0,0,0,3876,3866,7742
143,144,ALBURY,2020,,1404,1405,2809,0,0,0,1404,1405,2809
144,145,ALICE SPRINGS,1985,23,3502,3472,6974,0,0,0,3502,3472,6974
145,146,ALICE SPRINGS,1986,23,4100,4097,8197,0,0,0,4100,4097,8197
146,147,ALICE SPRINGS,1987,18,5043,5063,10106,0,0,0,5043,5063,10106
147,148,ALICE SPRINGS,1988,16,4840,4819,9659,0,0,0,4840,4819,9659
148,149,ALICE SPRINGS,1989,18,3353,3356,6709,0,0,0,3353,3356,6709
149,150,ALICE SPRINGS,1990,13,4548,4544,9092,0,0,0,4548,4544,9092
150,151,ALICE SPRINGS,1991,14,5057,5056,10113,0,0,0,5057,5056,10113
151,152,ALICE SPRINGS,1992,13,5322,5325,10647,0,0,0,5322,5325,10647
152,153,ALICE SPRINGS,1993,14,6048,6033,12081,0,0,0,6048,6033,12081
153,154,ALICE SPRINGS,1994,12,6687,6688,13375,0,0,0,6687,6688,13375
154,155,ALICE SPRINGS,1995,12,6815,6813,13628,0,0,0,6815,6813,13628
155,156,ALICE SPRINGS,1996,12,6504,6504,13008,0,0,0,6504,6504,13008
156,157,ALICE SPRINGS,1997,13,6632,6628,13260,0,0,0,6632,6628,13260
157,158,ALICE SPRINGS,1998,12,6504,6505,13009,0,0,0,6504,6505,13009
158,159,ALICE SPRINGS,1999,12,6291,6296,12587,0,0,0,6291,6296,12587
159,160,ALICE SPRINGS,2000,17,5966,5963,11929,0,0,0,5966,5963,11929
160,161,ALICE SPRINGS,2001,17,5018,5035,10053,0,0,0,5018,5035,10053
161,162,ALICE SPRINGS,2002,19,3688,3682,7370,0,0,0,3688,3682,7370
162,163,ALICE SPRINGS,2003,15,3940,3942,7882,0,0,0,3940,3942,7882
163,164,ALICE SPRINGS,2004,18,3767,3769,7536,0,0,0,3767,3769,7536
164,165,ALICE SPRINGS,2005,22,3628,3627,7255,0,0,0,3628,3627,7255
165,166,ALICE SPRINGS,2006,22,3372,3363,6735,0,0,0,3372,3363,6735
166,167,ALICE SPRINGS,2007,23,3073,3077,6150,0,0,0,3073,3077,6150
167,168,ALICE SPRINGS,2008,22,3312,3311,6623,0,0,0,3312,3311,6623
168,169,ALICE SPRINGS,2009,19,3326,3322,6648,0,0,0,3326,3322,6648
169,170,ALICE SPRINGS,2010,21,3434,3430,6864,0,0,0,3434,3430,6864
170,171,ALICE SPRINGS,2011,22,3334,3336,6670,0,0,0,3334,3336,6670
171,172,ALICE SPRINGS,2012,23,3218,3241,6459,0,0,0,3218,3241,6459
172,173,ALICE SPRINGS,2013,23,3459,3500,6959,0,0,0,3459,3500,6959
173,174,ALICE SPRINGS,2014,23,3362,3408,6770,0,0,0,3362,3408,6770
174,175,ALICE SPRINGS,2015,23,3381,3427,6808,0,0,0,3381,3427,6808
175,176,ALICE SPRINGS,2016,20,3588,3635,7223,0,0,0,3588,3635,7223
176,177,ALICE SPRINGS,2017,22,3598,3652,7250,0,0,0,3598,3652,7250
177,178,ALICE SPRINGS,2018,18,3777,3803,7580,0,0,0,3777,3803,7580
178,179,ALICE SPRINGS,2019,21,3257,3253,6510,0,0,0,3257,3253,6510
179,180,ALICE SPRINGS,2020,,1702,1702,3404,0,0,0,1702,1702,3404
180,181,ARMIDALE,1985,29,2680,2686,5366,0,0,0,2680,2686,5366
181,182,ARMIDALE,1986,28,2843,2845,5688,0,0,0,2843,2845,5688
182,183,ARMIDALE,1987,25,2967,2966,5933,0,0,0,2967,2966,5933
183,184,ARMIDALE,1988,,2493,2493,4986,0,0,0,2493,2493,4986
184,185,ARMIDALE,1989,,2097,2094,4191,0,0,0,2097,2094,4191
185,186,ARMIDALE,1990,,2182,2172,4354,0,0,0,2182,2172,4354
186,187,ARMIDALE,1991,31,2877,2913,5790,0,0,0,2877,2913,5790
187,188,ARMIDALE,1992,,2452,2480,4932,0,0,0,2452,2480,4932
188,189,ARMIDALE,1993,24,4057,4057,8114,0,0,0,4057,4057,8114
189,190,ARMIDALE,1994,29,3296,3301,6597,0,0,0,3296,3301,6597
190,191,ARMIDALE,1995,30,3314,3321,6635,0,0,0,3314,3321,6635
191,192,ARMIDALE,1996,31,3366,3372,6738,0,0,0,3366,3372,6738
192,193,ARMIDALE,1997,32,3100,3089,6189,0,0,0,3100,3089,6189
193,194,ARMIDALE,1998,35,3210,3224,6434,0,0,0,3210,3224,6434
194,195,ARMIDALE,1999,31,3402,3417,6819,0,0,0,3402,3417,6819
195,196,ARMIDALE,2000,29,3561,3576,7137,0,0,0,3561,3576,7137
196,197,ARMIDALE,2001,25,3554,3592,7146,0,0,0,3554,3592,7146
197,198,ARMIDALE,2002,31,2578,2622,5200,0,0,0,2578,2622,5200
198,199,ARMIDALE,2003,,1727,1750,3477,0,0,0,1727,1750,3477
199,200,ARMIDALE,2004,,2174,2170,4344,0,0,0,2174,2170,4344
200,201,ARMIDALE,2005,27,2918,2916,5834,0,0,0,2918,2916,5834
201,202,ARMIDALE,2006,,2146,2146,4292,0,0,0,2146,2146,4292
202,203,ARMIDALE,2007,,1493,1486,2979,0,0,0,1493,1486,2979
203,204,ARMIDALE,2008,,1425,1424,2849,0,0,0,1425,1424,2849
204,205,ARMIDALE,2009,,1250,1250,2500,0,0,0,1250,1250,2500
205,206,ARMIDALE,2010,,1506,1499,3005,0,0,0,1506,1499,3005
206,207,ARMIDALE,2011,,1644,1638,3282,0,0,0,1644,1638,3282
207,208,ARMIDALE,2012,,1678,1671,3349,0,0,0,1678,1671,3349
208,209,ARMIDALE,2013,,1571,1569,3140,0,0,0,1571,1569,3140
209,210,ARMIDALE,2014,,2270,2272,4542,0,0,0,2270,2272,4542
210,211,ARMIDALE,2015,,2452,2430,4882,0,0,0,2452,2430,4882
211,212,ARMIDALE,2016,,2332,2321,4653,0,0,0,2332,2321,4653
212,213,ARMIDALE,2017,,2472,2455,4927,0,0,0,2472,2455,4927
213,214,ARMIDALE,2018,,2475,2462,4937,0,0,0,2475,2462,4937
214,215,ARMIDALE,2019,29,2515,2509,5024,0,0,0,2515,2509,5024
215,216,ARMIDALE,2020,,849,835,1684,0,0,0,849,835,1684
216,217,AURUKUN,1985,,314,312,626,0,0,0,314,312,626
217,218,AURUKUN,1986,,361,361,722,0,0,0,361,361,722
218,219,AURUKUN,1987,,245,243,488,0,0,0,245,243,488
219,220,AURUKUN,1988,,0,0,0,0,0,0,0,0,0
220,221,AURUKUN,1989,,0,0,0,0,0,0,0,0,0
221,222,AURUKUN,1990,,115,116,231,0,0,0,115,116,231
222,223,AURUKUN,1991,,218,218,436,0,0,0,218,218,436
223,224,AURUKUN,1992,,173,174,347,0,0,0,173,174,347
224,225,AURUKUN,1993,,122,122,244,0,0,0,122,122,244
225,226,AURUKUN,1994,,0,0,0,0,0,0,0,0,0
226,227,AURUKUN,1995,,0,0,0,0,0,0,0,0,0
227,228,AURUKUN,1996,,104,104,208,0,0,0,104,104,208
228,229,AURUKUN,1997,,217,216,433,0,0,0,217,216,433
229,230,AURUKUN,1998,,215,215,430,0,0,0,215,215,430
230,231,AURUKUN,1999,,195,195,390,0,0,0,195,195,390
231,232,AURUKUN,2000,,190,190,380,0,0,0,190,190,380
232,233,AURUKUN,2001,,197,197,394,0,0,0,197,197,394
233,234,AURUKUN,2002,,216,216,432,0,0,0,216,216,432
234,235,AURUKUN,2003,,228,228,456,0,0,0,228,228,456
235,236,AURUKUN,2004,,222,222,444,0,0,0,222,222,444
236,237,AURUKUN,2005,,278,278,556,0,0,0,278,278,556
237,238,AURUKUN,2006,,301,301,602,0,0,0,301,301,602
238,239,AURUKUN,2007,,257,257,514,0,0,0,257,257,514
239,240,AURUKUN,2008,,208,208,416,0,0,0,208,208,416
240,241,AURUKUN,2009,,236,232,468,0,0,0,236,232,468
241,242,AURUKUN,2010,,262,262,524,0,0,0,262,262,524
242,243,AURUKUN,2011,,258,256,514,0,0,0,258,256,514
243,244,AURUKUN,2012,,259,259,518,0,0,0,259,259,518
244,245,AURUKUN,2013,,254,255,509,0,0,0,254,255,509
245,246,AURUKUN,2014,,262,262,524,0,0,0,262,262,524
246,247,AURUKUN,2015,,279,279,558,0,0,0,279,279,558
247,248,AURUKUN,2016,,371,371,742,0,0,0,371,371,742
248,249,AURUKUN,2017,,422,421,843,0,0,0,422,421,843
249,250,AURUKUN,2018,,374,374,748,0,0,0,374,374,748
250,251,AURUKUN,2019,,354,354,708,0,0,0,354,354,708
251,252,AURUKUN,2020,,269,271,540,0,0,0,269,271,540
252,253,AYERS ROCK,1985,,1095,1091,2186,0,0,0,1095,1091,2186
253,254,AYERS ROCK,1986,,1300,1301,2601,0,0,0,1300,1301,2601
254,255,AYERS ROCK,1987,,1620,1618,3238,0,0,0,1620,1618,3238
255,256,AYERS ROCK,1988,,1540,1557,3097,0,0,0,1540,1557,3097
256,257,AYERS ROCK,1989,,828,834,1662,0,0,0,828,834,1662
257,258,AYERS ROCK,1990,,1289,1293,2582,0,0,0,1289,1293,2582
258,259,AYERS ROCK,1991,,1236,1244,2480,0,0,0,1236,1244,2480
259,260,AYERS ROCK,1992,,1361,1358,2719,0,0,0,1361,1358,2719
260,261,AYERS ROCK,1993,,2096,2118,4214,0,0,0,2096,2118,4214
261,262,AYERS ROCK,1994,34,2714,2714,5428,0,0,0,2714,2714,5428
262,263,AYERS ROCK,1995,31,3131,3127,6258,0,0,0,3131,3127,6258
263,264,AYERS ROCK,1996,27,3835,3835,7670,0,0,0,3835,3835,7670
264,265,AYERS ROCK,1997,22,4148,4143,8291,0,0,0,4148,4143,8291
265,266,AYERS ROCK,1998,25,3718,3716,7434,0,0,0,3718,3716,7434
266,267,AYERS ROCK,1999,27,3910,3909,7819,0,0,0,3910,3909,7819
267,268,AYERS ROCK,2000,26,3790,3794,7584,0,0,0,3790,3794,7584
268,269,AYERS ROCK,2001,27,3194,3178,6372,0,0,0,3194,3178,6372
269,270,AYERS ROCK,2002,,2158,2157,4315,0,0,0,2158,2157,4315
270,271,AYERS ROCK,2003,,2024,2020,4044,0,0,0,2024,2020,4044
271,272,AYERS ROCK,2004,,2151,2146,4297,0,0,0,2151,2146,4297
272,273,AYERS ROCK,2005,,2173,2172,4345,0,0,0,2173,2172,4345
273,274,AYERS ROCK,2006,,2282,2285,4567,0,0,0,2282,2285,4567
274,275,AYERS ROCK,2007,,2152,2153,4305,0,0,0,2152,2153,4305
275,276,AYERS ROCK,2008,,2097,2097,4194,0,0,0,2097,2097,4194
276,277,AYERS ROCK,2009,,1803,1807,3610,0,0,0,1803,1807,3610
277,278,AYERS ROCK,2010,,1853,1855,3708,0,0,0,1853,1855,3708
278,279,AYERS ROCK,2011,,2018,2018,4036,0,0,0,2018,2018,4036
279,280,AYERS ROCK,2012,,1845,1842,3687,0,0,0,1845,1842,3687
280,281,AYERS ROCK,2013,,1369,1368,2737,0,0,0,1369,1368,2737
281,282,AYERS ROCK,2014,,1483,1483,2966,0,0,0,1483,1483,2966
282,283,AYERS ROCK,2015,,1633,1630,3263,0,0,0,1633,1630,3263
283,284,AYERS ROCK,2016,,1653,1651,3304,0,0,0,1653,1651,3304
284,285,AYERS ROCK,2017,,1662,1659,3321,0,0,0,1662,1659,3321
285,286,AYERS ROCK,2018,,1793,1788,3581,0,0,0,1793,1788,3581
286,287,AYERS ROCK,2019,,2053,2047,4100,0,0,0,2053,2047,4100
287,288,AYERS ROCK,2020,,538,540,1078,0,0,0,538,540,1078
288,289,BALLINA,1985,,0,0,0,0,0,0,0,0,0
289,290,BALLINA,1986,,12,12,24,0,0,0,12,12,24
290,291,BALLINA,1987,,1032,1032,2064,0,0,0,1032,1032,2064
291,292,BALLINA,1988,,2020,2020,4040,0,0,0,2020,2020,4040
292,293,BALLINA,1989,28,2666,2665,5331,0,0,0,2666,2665,5331
293,294,BALLINA,1990,31,2538,2538,5076,0,0,0,2538,2538,5076
294,295,BALLINA,1991,23,3667,3627,7294,0,0,0,3667,3627,7294
295,296,BALLINA,1992,,1854,1835,3689,0,0,0,1854,1835,3689
296,297,BALLINA,1993,,850,846,1696,0,0,0,850,846,1696
297,298,BALLINA,1994,,900,901,1801,0,0,0,900,901,1801
298,299,BALLINA,1995,,1199,1197,2396,0,0,0,1199,1197,2396
299,300,BALLINA,1996,,1175,1174,2349,0,0,0,1175,1174,2349
300,301,BALLINA,1997,,1302,1300,2602,0,0,0,1302,1300,2602
301,302,BALLINA,1998,,1331,1328,2659,0,0,0,1331,1328,2659
302,303,BALLINA,1999,,1643,1643,3286,0,0,0,1643,1643,3286
303,304,BALLINA,2000,37,2636,2633,5269,0,0,0,2636,2633,5269
304,305,BALLINA,2001,33,2577,2581,5158,0,0,0,2577,2581,5158
305,306,BALLINA,2002,25,3028,3016,6044,0,0,0,3028,3016,6044
306,307,BALLINA,2003,26,2769,2814,5583,0,0,0,2769,2814,5583
307,308,BALLINA,2004,,2222,2273,4495,0,0,0,2222,2273,4495
308,309,BALLINA,2005,,2285,2289,4574,0,0,0,2285,2289,4574
309,310,BALLINA,2006,,2196,2204,4400,0,0,0,2196,2204,4400
310,311,BALLINA,2007,,2160,2164,4324,0,0,0,2160,2164,4324
311,312,BALLINA,2008,,2048,2045,4093,0,0,0,2048,2045,4093
312,313,BALLINA,2009,,1953,1959,3912,0,0,0,1953,1959,3912
313,314,BALLINA,2010,,1861,1859,3720,0,0,0,1861,1859,3720
314,315,BALLINA,2011,,1886,1874,3760,0,0,0,1886,1874,3760
315,316,BALLINA,2012,,2141,2097,4238,0,0,0,2141,2097,4238
316,317,BALLINA,2013,,2290,2245,4535,0,0,0,2290,2245,4535
317,318,BALLINA,2014,,2193,2185,4378,0,0,0,2193,2185,4378
318,319,BALLINA,2015,,2124,2119,4243,0,0,0,2124,2119,4243
319,320,BALLINA,2016,,2249,2246,4495,0,0,0,2249,2246,4495
320,321,BALLINA,2017,,2306,2299,4605,0,0,0,2306,2299,4605
321,322,BALLINA,2018,,2298,2288,4586,0,0,0,2298,2288,4586
322,323,BALLINA,2019,,2250,2237,4487,0,0,0,2250,2237,4487
323,324,BALLINA,2020,,2029,2020,4049,0,0,0,2029,2020,4049
324,325,BAMAGA,1985,,206,204,410,0,0,0,206,204,410
325,326,BAMAGA,1986,,254,259,513,0,0,0,254,259,513
326,327,BAMAGA,1987,,319,346,665,0,0,0,319,346,665
327,328,BAMAGA,1988,,648,797,1445,0,0,0,648,797,1445
328,329,BAMAGA,1989,,699,866,1565,0,0,0,699,866,1565
329,330,BAMAGA,1990,,362,374,736,0,0,0,362,374,736
330,331,BAMAGA,1991,,1103,1109,2212,0,0,0,1103,1109,2212
331,332,BAMAGA,1992,,1549,1369,2918,0,0,0,1549,1369,2918
332,333,BAMAGA,1993,,952,984,1936,0,0,0,952,984,1936
333,334,BAMAGA,1994,,784,780,1564,0,0,0,784,780,1564
334,335,BAMAGA,1995,,752,742,1494,0,0,0,752,742,1494
335,336,BAMAGA,1996,,602,602,1204,0,0,0,602,602,1204
336,337,BAMAGA,1997,,481,481,962,0,0,0,481,481,962
337,338,BAMAGA,1998,,509,512,1021,0,0,0,509,512,1021
338,339,BAMAGA,1999,,776,776,1552,0,0,0,776,776,1552
339,340,BAMAGA,2000,,426,429,855,0,0,0,426,429,855
340,341,BAMAGA,2001,,156,155,311,0,0,0,156,155,311
341,342,BAMAGA,2002,,0,0,0,0,0,0,0,0,0
342,343,BAMAGA,2003,,0,0,0,0,0,0,0,0,0
343,344,BAMAGA,2004,,0,0,0,0,0,0,0,0,0
344,345,BAMAGA,2005,,0,0,0,0,0,0,0,0,0
345,346,BAMAGA,2006,,0,0,0,0,0,0,0,0,0
346,347,BAMAGA,2007,,0,0,0,0,0,0,0,0,0
347,348,BAMAGA,2008,,297,299,596,0,0,0,297,299,596
348,349,BAMAGA,2009,,362,361,723,0,0,0,362,361,723
349,350,BAMAGA,2010,,406,404,810,0,0,0,406,404,810
350,351,BAMAGA,2011,,313,309,622,0,0,0,313,309,622
351,352,BAMAGA,2012,,308,306,614,0,0,0,308,306,614
352,353,BAMAGA,2013,,258,257,515,0,0,0,258,257,515
353,354,BAMAGA,2014,,257,259,516,0,0,0,257,259,516
354,355,BAMAGA,2015,,442,442,884,0,0,0,442,442,884
355,356,BAMAGA,2016,,513,513,1026,0,0,0,513,513,1026
356,357,BAMAGA,2017,,517,515,1032,0,0,0,517,515,1032
357,358,BAMAGA,2018,,522,523,1045,0,0,0,522,523,1045
358,359,BAMAGA,2019,,519,519,1038,0,0,0,519,519,1038
359,360,BAMAGA,2020,,248,249,497,0,0,0,248,249,497
360,361,BATHURST ISLAND,1985,,1303,1295,2598,0,0,0,1303,1295,2598
361,362,BATHURST ISLAND,1986,,1413,1360,2773,0,0,0,1413,1360,2773
362,363,BATHURST ISLAND,1987,,1453,1444,2897,0,0,0,1453,1444,2897
363,364,BATHURST ISLAND,1988,,1485,1469,2954,0,0,0,1485,1469,2954
364,365,BATHURST ISLAND,1989,,368,369,737,0,0,0,368,369,737
365,366,BATHURST ISLAND,1990,,0,0,0,0,0,0,0,0,0
366,367,BATHURST ISLAND,1991,,198,198,396,0,0,0,198,198,396
367,368,BATHURST ISLAND,1992,,1709,1711,3420,0,0,0,1709,1711,3420
368,369,BATHURST ISLAND,1993,,1669,1669,3338,0,0,0,1669,1669,3338
369,370,BATHURST ISLAND,1994,,1498,1495,2993,0,0,0,1498,1495,2993
370,371,BATHURST ISLAND,1995,,1522,1522,3044,0,0,0,1522,1522,3044
371,372,BATHURST ISLAND,1996,,1570,1570,3140,0,0,0,1570,1570,3140
372,373,BATHURST ISLAND,1997,,1565,1565,3130,0,0,0,1565,1565,3130
373,374,BATHURST ISLAND,1998,,1200,1200,2400,0,0,0,1200,1200,2400
374,375,BATHURST ISLAND,1999,,1154,1154,2308,0,0,0,1154,1154,2308
375,376,BATHURST ISLAND,2000,,675,676,1351,0,0,0,675,676,1351
376,377,BATHURST ISLAND,2001,,314,312,626,0,0,0,314,312,626
377,378,BATHURST ISLAND,2002,,1089,1090,2179,0,0,0,1089,1090,2179
378,379,BATHURST ISLAND,2003,,1056,1056,2112,0,0,0,1056,1056,2112
379,380,BATHURST ISLAND,2004,,8,8,16,0,0,0,8,8,16
380,381,BATHURST ISLAND,2005,,0,0,0,0,0,0,0,0,0
381,382,BATHURST ISLAND,2006,,0,0,0,0,0,0,0,0,0
382,383,BATHURST ISLAND,2007,,0,0,0,0,0,0,0,0,0
383,384,BATHURST ISLAND,2008,,199,199,398,0,0,0,199,199,398
384,385,BATHURST ISLAND,2009,,1405,1402,2807,0,0,0,1405,1402,2807
385,386,BATHURST ISLAND,2010,,1242,1243,2485,0,0,0,1242,1243,2485
386,387,BATHURST ISLAND,2011,,1280,1248,2528,0,0,0,1280,1248,2528
387,388,BATHURST ISLAND,2012,,1192,1184,2376,0,0,0,1192,1184,2376
388,389,BATHURST ISLAND,2013,,1142,1134,2276,0,0,0,1142,1134,2276
389,390,BATHURST ISLAND,2014,,1179,1182,2361,0,0,0,1179,1182,2361
390,391,BATHURST ISLAND,2015,,1121,1122,2243,0,0,0,1121,1122,2243
391,392,BATHURST ISLAND,2016,,1361,1362,2723,0,0,0,1361,1362,2723
392,393,BATHURST ISLAND,2017,,1392,1392,2784,0,0,0,1392,1392,2784
393,394,BATHURST ISLAND,2018,,1340,1336,2676,0,0,0,1340,1336,2676
394,395,BATHURST ISLAND,2019,,1266,1266,2532,0,0,0,1266,1266,2532
395,396,BATHURST ISLAND,2020,,1147,1150,2297,0,0,0,1147,1150,2297
396,397,BRISBANE,1985,3,23887,23946,47833,2190,2190,4380,26077,26136,52213
397,398,BRISBANE,1986,4,23870,23847,47717,2834,2798,5632,26704,26645,53349
398,399,BRISBANE,1987,3,26876,26871,53747,3244,3261,6505,30120,30132,60252
399,400,BRISBANE,1988,3,30682,30503,61185,4257,4253,8510,34939,34756,69695
400,401,BRISBANE,1989,3,25201,24942,50143,4572,4598,9170,29773,29540,59313
401,402,BRISBANE,1990,3,28849,29397,58246,5290,5281,10571,34139,34678,68817
402,403,BRISBANE,1991,3,38458,38280,76738,5811,5793,11604,44269,44073,88342
403,404,BRISBANE,1992,3,42887,42745,85632,6040,6038,12078,48927,48783,97710
404,405,BRISBANE,1993,3,44070,44168,88238,6727,6716,13443,50797,50884,101681
405,406,BRISBANE,1994,3,48200,48403,96603,7344,7132,14476,55544,55535,111079
406,407,BRISBANE,1995,3,52019,52251,104270,8574,8291,16865,60593,60542,121135
407,408,BRISBANE,1996,3,54941,55210,110151,9206,8871,18077,64147,64081,128228
408,409,BRISBANE,1997,3,52986,53152,106138,9577,9311,18888,62563,62463,125026
409,410,BRISBANE,1998,3,53752,53941,107693,9338,9082,18420,63090,63023,126113
410,411,BRISBANE,1999,3,56887,57120,114007,8787,8523,17310,65674,65643,131317
411,412,BRISBANE,2000,3,61200,61322,122522,8912,8680,17592,70112,70002,140114
412,413,BRISBANE,2001,3,63074,63139,126213,8762,8687,17449,71836,71826,143662
413,414,BRISBANE,2002,3,51201,51233,102434,8698,8702,17400,59899,59935,119834
414,415,BRISBANE,2003,3,49600,49634,99234,8350,8350,16700,57950,57984,115934
415,416,BRISBANE,2004,3,56477,56578,113055,10513,10525,21038,66990,67103,134093
416,417,BRISBANE,2005,3,59586,59653,119239,11297,11300,22597,70883,70953,141836
417,418,BRISBANE,2006,3,60027,59990,120017,11488,11477,22965,71515,71467,142982
418,419,BRISBANE,2007,3,61489,61498,122987,11928,11917,23845,73417,73415,146832
419,420,BRISBANE,2008,3,65257,65234,130491,12969,12965,25934,78226,78199,156425
420,421,BRISBANE,2009,3,64277,64199,128476,13230,13211,26441,77507,77410,154917
421,422,BRISBANE,2010,3,68894,69001,137895,13491,13510,27001,82385,82511,164896
422,423,BRISBANE,2011,3,72381,72238,144619,13709,13700,27409,86090,85938,172028
423,424,BRISBANE,2012,3,78727,78941,157668,13272,13346,26618,91999,92287,184286
424,425,BRISBANE,2013,3,82078,82159,164237,13936,14150,28086,96014,96309,192323
425,426,BRISBANE,2014,3,82551,82828,165379,14520,14592,29112,97071,97420,194491
426,427,BRISBANE,2015,3,82477,82799,165276,14566,14567,29133,97043,97366,194409
427,428,BRISBANE,2016,3,80580,80905,161485,15136,15168,30304,95716,96073,191789
428,429,BRISBANE,2017,3,79315,79779,159094,16189,16209,32398,95504,95988,191492
429,430,BRISBANE,2018,3,77622,78078,155700,17226,17243,34469,94848,95321,190169
430,431,BRISBANE,2019,3,79752,80182,159934,17588,17648,35236,97340,97830,195170
431,432,BRISBANE,2020,2,36804,37165,73969,5434,5453,10887,42238,42618,84856
432,433,BROKEN HILL,1985,,1010,1021,2031,0,0,0,1010,1021,2031
433,434,BROKEN HILL,1986,,1320,1323,2643,0,0,0,1320,1323,2643
434,435,BROKEN HILL,1987,,1254,1285,2539,0,0,0,1254,1285,2539
435,436,BROKEN HILL,1988,,1406,1335,2741,0,0,0,1406,1335,2741
436,437,BROKEN HILL,1989,,1326,1238,2564,0,0,0,1326,1238,2564
437,438,BROKEN HILL,1990,,1530,1325,2855,0,0,0,1530,1325,2855
438,439,BROKEN HILL,1991,,1549,1335,2884,0,0,0,1549,1335,2884
439,440,BROKEN HILL,1992,,1360,1336,2696,0,0,0,1360,1336,2696
440,441,BROKEN HILL,1993,,1338,1366,2704,0,0,0,1338,1366,2704
441,442,BROKEN HILL,1994,,1318,1384,2702,0,0,0,1318,1384,2702
442,443,BROKEN HILL,1995,,1313,1333,2646,0,0,0,1313,1333,2646
443,444,BROKEN HILL,1996,,1295,1297,2592,0,0,0,1295,1297,2592
444,445,BROKEN HILL,1997,,1330,1326,2656,0,0,0,1330,1326,2656
445,446,BROKEN HILL,1998,,1366,1369,2735,0,0,0,1366,1369,2735
446,447,BROKEN HILL,1999,,1576,1542,3118,0,0,0,1576,1542,3118
447,448,BROKEN HILL,2000,,1524,1479,3003,0,0,0,1524,1479,3003
448,449,BROKEN HILL,2001,,1134,1138,2272,0,0,0,1134,1138,2272
449,450,BROKEN HILL,2002,,1030,1026,2056,0,0,0,1030,1026,2056
450,451,BROKEN HILL,2003,,1139,1141,2280,0,0,0,1139,1141,2280
451,452,BROKEN HILL,2004,,1172,1171,2343,0,0,0,1172,1171,2343
452,453,BROKEN HILL,2005,,1211,1210,2421,0,0,0,1211,1210,2421
453,454,BROKEN HILL,2006,,1205,1204,2409,0,0,0,1205,1204,2409
454,455,BROKEN HILL,2007,,1344,1343,2687,0,0,0,1344,1343,2687
455,456,BROKEN HILL,2008,,1417,1417,2834,0,0,0,1417,1417,2834
456,457,BROKEN HILL,2009,,1341,1340,2681,0,0,0,1341,1340,2681
457,458,BROKEN HILL,2010,,1404,1405,2809,0,0,0,1404,1405,2809
458,459,BROKEN HILL,2011,,1398,1397,2795,0,0,0,1398,1397,2795
459,460,BROKEN HILL,2012,,1625,1625,3250,0,0,0,1625,1625,3250
460,461,BROKEN HILL,2013,,1839,1834,3673,0,0,0,1839,1834,3673
461,462,BROKEN HILL,2014,,1819,1832,3651,0,0,0,1819,1832,3651
462,463,BROKEN HILL,2015,,1783,1802,3585,0,0,0,1783,1802,3585
463,464,BROKEN HILL,2016,,1770,1768,3538,0,0,0,1770,1768,3538
464,465,BROKEN HILL,2017,,1773,1761,3534,0,0,0,1773,1761,3534
465,466,BROKEN HILL,2018,,1719,1699,3418,0,0,0,1719,1699,3418
466,467,BROKEN HILL,2019,,1752,1749,3501,0,0,0,1752,1749,3501
467,468,BROKEN HILL,2020,,631,627,1258,0,0,0,631,627,1258
468,469,BROOME,1985,,933,935,1868,0,0,0,933,935,1868
469,470,BROOME,1986,,923,938,1861,0,0,0,923,938,1861
470,471,BROOME,1987,,915,925,1840,0,0,0,915,925,1840
471,472,BROOME,1988,,1151,1155,2306,0,0,0,1151,1155,2306
472,473,BROOME,1989,,1080,1068,2148,0,0,0,1080,1068,2148
473,474,BROOME,1990,,1326,1291,2617,0,0,0,1326,1291,2617
474,475,BROOME,1991,,1302,1263,2565,0,0,0,1302,1263,2565
475,476,BROOME,1992,,1366,1334,2700,0,0,0,1366,1334,2700
476,477,BROOME,1993,,1325,1318,2643,0,0,0,1325,1318,2643
477,478,BROOME,1994,,1823,1821,3644,0,0,0,1823,1821,3644
478,479,BROOME,1995,33,3008,3004,6012,0,0,0,3008,3004,6012
479,480,BROOME,1996,28,3445,3457,6902,49,49,98,3494,3506,7000
480,481,BROOME,1997,36,2908,2927,5835,7,7,14,2915,2934,5849
481,482,BROOME,1998,37,2503,2506,5009,0,0,0,2503,2506,5009
482,483,BROOME,1999,37,2675,2671,5346,0,0,0,2675,2671,5346
483,484,BROOME,2000,32,3159,3156,6315,39,39,78,3198,3195,6393
484,485,BROOME,2001,30,2907,2910,5817,29,29,58,2936,2939,5875
485,486,BROOME,2002,,2459,2458,4917,0,0,0,2459,2458,4917
486,487,BROOME,2003,28,2626,2628,5254,0,0,0,2626,2628,5254
487,488,BROOME,2004,26,2977,2974,5951,0,0,0,2977,2974,5951
488,489,BROOME,2005,26,3046,3039,6085,0,0,0,3046,3039,6085
489,490,BROOME,2006,26,2848,2842,5690,0,0,0,2848,2842,5690
490,491,BROOME,2007,27,2777,2774,5551,0,0,0,2777,2774,5551
491,492,BROOME,2008,28,2510,2516,5026,0,0,0,2510,2516,5026
492,493,BROOME,2009,25,2799,2804,5603,0,0,0,2799,2804,5603
493,494,BROOME,2010,25,2872,2918,5790,0,0,0,2872,2918,5790
494,495,BROOME,2011,27,2852,2892,5744,0,0,0,2852,2892,5744
495,496,BROOME,2012,30,2803,2852,5655,0,0,0,2803,2852,5655
496,497,BROOME,2013,30,2872,2920,5792,0,0,0,2872,2920,5792
497,498,BROOME,2014,32,2601,2653,5254,0,0,0,2601,2653,5254
498,499,BROOME,2015,,2433,2453,4886,0,0,0,2433,2453,4886
499,500,BROOME,2016,,2356,2356,4712,0,0,0,2356,2356,4712
500,501,BROOME,2017,,2495,2490,4985,0,0,0,2495,2490,4985
501,502,BROOME,2018,28,2561,2553,5114,0,0,0,2561,2553,5114
502,503,BROOME,2019,28,2544,2539,5083,0,0,0,2544,2539,5083
503,504,BROOME,2020,,1612,1608,3220,0,0,0,1612,1608,3220
504,505,BUNDABERG,1985,22,3483,3502,6985,0,0,0,3483,3502,6985
505,506,BUNDABERG,1986,24,3312,3292,6604,0,0,0,3312,3292,6604
506,507,BUNDABERG,1987,29,2650,2672,5322,0,0,0,2650,2672,5322
507,508,BUNDABERG,1988,30,2797,2893,5690,0,0,0,2797,2893,5690
508,509,BUNDABERG,1989,12,4507,4525,9032,0,0,0,4507,4525,9032
509,510,BUNDABERG,1990,14,4337,4349,8686,0,0,0,4337,4349,8686
510,511,BUNDABERG,1991,22,3725,3707,7432,0,0,0,3725,3707,7432
511,512,BUNDABERG,1992,17,4800,4821,9621,0,0,0,4800,4821,9621
512,513,BUNDABERG,1993,21,4342,4359,8701,0,0,0,4342,4359,8701
513,514,BUNDABERG,1994,23,4137,4136,8273,0,0,0,4137,4136,8273
514,515,BUNDABERG,1995,26,3629,3617,7246,0,0,0,3629,3617,7246
515,516,BUNDABERG,1996,29,3481,3477,6958,0,0,0,3481,3477,6958
516,517,BUNDABERG,1997,29,3290,3288,6578,0,0,0,3290,3288,6578
517,518,BUNDABERG,1998,34,3245,3237,6482,0,0,0,3245,3237,6482
518,519,BUNDABERG,1999,33,3057,3058,6115,0,0,0,3057,3058,6115
519,520,BUNDABERG,2000,34,2956,2952,5908,0,0,0,2956,2952,5908
520,521,BUNDABERG,2001,,2467,2452,4919,0,0,0,2467,2452,4919
521,522,BUNDABERG,2002,,1450,1450,2900,0,0,0,1450,1450,2900
522,523,BUNDABERG,2003,,1276,1273,2549,0,0,0,1276,1273,2549
523,524,BUNDABERG,2004,,1331,1334,2665,0,0,0,1331,1334,2665
524,525,BUNDABERG,2005,,1572,1572,3144,0,0,0,1572,1572,3144
525,526,BUNDABERG,2006,,1553,1553,3106,0,0,0,1553,1553,3106
526,527,BUNDABERG,2007,,1570,1567,3137,0,0,0,1570,1567,3137
527,528,BUNDABERG,2008,,1409,1412,2821,0,0,0,1409,1412,2821
528,529,BUNDABERG,2009,,1239,1240,2479,0,0,0,1239,1240,2479
529,530,BUNDABERG,2010,,1370,1369,2739,0,0,0,1370,1369,2739
530,531,BUNDABERG,2011,,1369,1367,2736,0,0,0,1369,1367,2736
531,532,BUNDABERG,2012,,1435,1434,2869,0,0,0,1435,1434,2869
532,533,BUNDABERG,2013,,1687,1687,3374,0,0,0,1687,1687,3374
533,534,BUNDABERG,2014,,1873,1873,3746,0,0,0,1873,1873,3746
534,535,BUNDABERG,2015,,2008,2006,4014,0,0,0,2008,2006,4014
535,536,BUNDABERG,2016,,1955,1954,3909,0,0,0,1955,1954,3909
536,537,BUNDABERG,2017,,1892,1888,3780,0,0,0,1892,1888,3780
537,538,BUNDABERG,2018,,1663,1662,3325,0,0,0,1663,1662,3325
538,539,BUNDABERG,2019,,1789,1786,3575,0,0,0,1789,1786,3575
539,540,BUNDABERG,2020,,771,772,1543,0,0,0,771,772,1543
540,541,BURNIE,1985,18,4958,4944,9902,0,0,0,4958,4944,9902
541,542,BURNIE,1986,20,4317,4345,8662,0,0,0,4317,4345,8662
542,543,BURNIE,1987,21,3852,3851,7703,0,0,0,3852,3851,7703
543,544,BURNIE,1988,22,3382,3373,6755,0,0,0,3382,3373,6755
544,545,BURNIE,1989,17,3666,3618,7284,0,0,0,3666,3618,7284
545,546,BURNIE,1990,16,4208,4186,8394,0,0,0,4208,4186,8394
546,547,BURNIE,1991,21,3901,3726,7627,0,0,0,3901,3726,7627
547,548,BURNIE,1992,23,4101,4108,8209,0,0,0,4101,4108,8209
548,549,BURNIE,1993,25,4026,4012,8038,0,0,0,4026,4012,8038
549,550,BURNIE,1994,20,4279,4279,8558,0,0,0,4279,4279,8558
550,551,BURNIE,1995,23,4425,4436,8861,0,0,0,4425,4436,8861
551,552,BURNIE,1996,22,4561,4542,9103,0,0,0,4561,4542,9103
552,553,BURNIE,1997,26,3596,3594,7190,0,0,0,3596,3594,7190
553,554,BURNIE,1998,20,4867,4865,9732,0,0,0,4867,4865,9732
554,555,BURNIE,1999,22,4689,4694,9383,0,0,0,4689,4694,9383
555,556,BURNIE,2000,25,3828,3827,7655,0,0,0,3828,3827,7655
556,557,BURNIE,2001,34,2549,2549,5098,0,0,0,2549,2549,5098
557,558,BURNIE,2002,29,2734,2747,5481,0,0,0,2734,2747,5481
558,559,BURNIE,2003,,2179,2179,4358,0,0,0,2179,2179,4358
559,560,BURNIE,2004,27,2912,2914,5826,0,0,0,2912,2914,5826
560,561,BURNIE,2005,20,3656,3654,7310,0,0,0,3656,3654,7310
561,562,BURNIE,2006,23,3338,3336,6674,0,0,0,3338,3336,6674
562,563,BURNIE,2007,22,3323,3320,6643,0,0,0,3323,3320,6643
563,564,BURNIE,2008,20,3432,3431,6863,0,0,0,3432,3431,6863
564,565,BURNIE,2009,26,2697,2692,5389,0,0,0,2697,2692,5389
565,566,BURNIE,2010,,1852,1848,3700,0,0,0,1852,1848,3700
566,567,BURNIE,2011,,1646,1646,3292,0,0,0,1646,1646,3292
567,568,BURNIE,2012,,2134,2129,4263,0,0,0,2134,2129,4263
568,569,BURNIE,2013,,1985,1972,3957,0,0,0,1985,1972,3957
569,570,BURNIE,2014,,1939,1944,3883,0,0,0,1939,1944,3883
570,571,BURNIE,2015,,1972,1970,3942,0,0,0,1972,1970,3942
571,572,BURNIE,2016,,1987,1956,3943,0,0,0,1987,1956,3943
572,573,BURNIE,2017,,1971,1964,3935,0,0,0,1971,1964,3935
573,574,BURNIE,2018,,1975,1976,3951,0,0,0,1975,1976,3951
574,575,BURNIE,2019,,2045,2044,4089,0,0,0,2045,2044,4089
575,576,BURNIE,2020,,1131,1128,2259,0,0,0,1131,1128,2259
576,577,CAIRNS,1985,10,5258,5305,10563,428,429,857,5686,5734,11420
577,578,CAIRNS,1986,10,5980,6051,12031,521,518,1039,6501,6569,13070
578,579,CAIRNS,1987,9,7314,7405,14719,731,725,1456,8045,8130,16175
579,580,CAIRNS,1988,8,8160,8081,16241,1157,1160,2317,9317,9241,18558
580,581,CAIRNS,1989,8,6844,6813,13657,1577,1567,3144,8421,8380,16801
581,582,CAIRNS,1990,6,7951,7916,15867,1856,1858,3714,9807,9774,19581
582,583,CAIRNS,1991,6,12509,12506,25015,2611,2606,5217,15120,15112,30232
583,584,CAIRNS,1992,6,13323,13292,26615,3838,3838,7676,17161,17130,34291
584,585,CAIRNS,1993,6,14051,14014,28065,4430,4414,8844,18481,18428,36909
585,586,CAIRNS,1994,6,15713,15762,31475,4722,4661,9383,20435,20423,40858
586,587,CAIRNS,1995,6,16639,16595,33234,4691,4696,9387,21330,21291,42621
587,588,CAIRNS,1996,6,16887,16845,33732,4973,5002,9975,21860,21847,43707
588,589,CAIRNS,1997,6,17032,17040,34072,4503,4553,9056,21535,21593,43128
589,590,CAIRNS,1998,6,17011,17011,34022,3798,3808,7606,20809,20819,41628
590,591,CAIRNS,1999,6,17022,17053,34075,3632,3605,7237,20654,20658,41312
591,592,CAIRNS,2000,7,17725,17724,35449,3193,3166,6359,20918,20890,41808
592,593,CAIRNS,2001,7,16217,16246,32463,2971,2933,5904,19188,19179,38367
593,594,CAIRNS,2002,6,15109,15046,30155,3513,3516,7029,18622,18562,37184
594,595,CAIRNS,2003,6,15974,15944,31918,3682,3698,7380,19656,19642,39298
595,596,CAIRNS,2004,6,17907,17900,35807,4348,4346,8694,22255,22246,44501
596,597,CAIRNS,2005,6,19213,19180,38393,4156,4154,8310,23369,23334,46703
597,598,CAIRNS,2006,6,18510,18450,36960,4122,4120,8242,22632,22570,45202
598,599,CAIRNS,2007,6,17950,17936,35886,3906,3900,7806,21856,21836,43692
599,600,CAIRNS,2008,7,17834,17814,35648,3763,3769,7532,21597,21583,43180
600,601,CAIRNS,2009,7,16269,16279,32548,2435,2425,4860,18704,18704,37408
601,602,CAIRNS,2010,7,17876,17766,35642,2763,2782,5545,20639,20548,41187
602,603,CAIRNS,2011,7,18543,18482,37025,3022,3020,6042,21565,21502,43067
603,604,CAIRNS,2012,6,19336,19398,38734,2867,2809,5676,22203,22207,44410
604,605,CAIRNS,2013,6,19916,20045,39961,2844,2717,5561,22760,22762,45522
605,606,CAIRNS,2014,6,19442,19515,38957,2594,2548,5142,22036,22063,44099
606,607,CAIRNS,2015,6,20229,20256,40485,2799,2789,5588,23028,23045,46073
607,608,CAIRNS,2016,6,21422,21427,42849,3232,3237,6469,24654,24664,49318
608,609,CAIRNS,2017,6,21292,21369,42661,2883,2879,5762,24175,24248,48423
609,610,CAIRNS,2018,6,21016,20961,41977,2441,2444,4885,23457,23405,46862
610,611,CAIRNS,2019,6,20343,20447,40790,2443,2448,4891,22786,22895,45681
611,612,CAIRNS,2020,6,10743,10698,21441,589,587,1176,11332,11285,22617
612,613,CANBERRA,1985,6,9760,9699,19459,0,0,0,9760,9699,19459
613,614,CANBERRA,1986,6,10595,10613,21208,0,0,0,10595,10613,21208
614,615,CANBERRA,1987,6,11050,11048,22098,0,0,0,11050,11048,22098
615,616,CANBERRA,1988,7,10439,10457,20896,0,0,0,10439,10457,20896
616,617,CANBERRA,1989,7,8565,8652,17217,0,0,0,8565,8652,17217
617,618,CANBERRA,1990,8,9596,9644,19240,0,0,0,9596,9644,19240
618,619,CANBERRA,1991,8,12148,12142,24290,0,0,0,12148,12142,24290
619,620,CANBERRA,1992,7,13687,13683,27370,0,0,0,13687,13683,27370
620,621,CANBERRA,1993,7,14794,14774,29568,0,0,0,14794,14774,29568
621,622,CANBERRA,1994,7,17119,17105,34224,0,0,0,17119,17105,34224
622,623,CANBERRA,1995,7,18112,18058,36170,0,0,0,18112,18058,36170
623,624,CANBERRA,1996,7,19087,19009,38096,0,0,0,19087,19009,38096
624,625,CANBERRA,1997,7,19136,19112,38248,0,0,0,19136,19112,38248
625,626,CANBERRA,1998,7,19071,19039,38110,0,0,0,19071,19039,38110
626,627,CANBERRA,1999,7,19486,19488,38974,0,0,0,19486,19488,38974
627,628,CANBERRA,2000,6,22735,22859,45594,0,0,0,22735,22859,45594
628,629,CANBERRA,2001,6,24154,24167,48321,0,0,0,24154,24167,48321
629,630,CANBERRA,2002,7,18240,18219,36459,0,0,0,18240,18219,36459
630,631,CANBERRA,2003,7,18726,18670,37396,0,0,0,18726,18670,37396
631,632,CANBERRA,2004,7,20322,19980,40302,21,21,42,20343,20001,40344
632,633,CANBERRA,2005,7,18855,18645,37500,0,0,0,18855,18645,37500
633,634,CANBERRA,2006,7,19323,19087,38410,0,0,0,19323,19087,38410
634,635,CANBERRA,2007,7,19184,19001,38185,0,0,0,19184,19001,38185
635,636,CANBERRA,2008,6,22360,22171,44531,0,0,0,22360,22171,44531
636,637,CANBERRA,2009,6,22382,22344,44726,0,0,0,22382,22344,44726
637,638,CANBERRA,2010,6,21962,21932,43894,0,0,0,21962,21932,43894
638,639,CANBERRA,2011,6,21718,21633,43351,0,0,0,21718,21633,43351
639,640,CANBERRA,2012,7,21080,20937,42017,0,0,0,21080,20937,42017
640,641,CANBERRA,2013,7,20888,20812,41700,0,0,0,20888,20812,41700
641,642,CANBERRA,2014,7,19786,19685,39471,0,0,0,19786,19685,39471
642,643,CANBERRA,2015,8,19220,19156,38376,0,0,0,19220,19156,38376
643,644,CANBERRA,2016,8,19178,19109,38287,118,118,236,19296,19227,38523
644,645,CANBERRA,2017,8,19301,19224,38525,417,417,834,19718,19641,39359
645,646,CANBERRA,2018,8,19327,19283,38610,700,700,1400,20027,19983,40010
646,647,CANBERRA,2019,8,19342,19282,38624,729,728,1457,20071,20010,40081
647,648,CANBERRA,2020,9,6547,6534,13081,164,164,328,6711,6698,13409
648,649,CARNARVON,1985,,753,855,1608,0,0,0,753,855,1608
649,650,CARNARVON,1986,,693,715,1408,0,0,0,693,715,1408
650,651,CARNARVON,1987,,585,587,1172,0,0,0,585,587,1172
651,652,CARNARVON,1988,,482,485,967,0,0,0,482,485,967
652,653,CARNARVON,1989,,341,342,683,0,0,0,341,342,683
653,654,CARNARVON,1990,,439,440,879,0,0,0,439,440,879
654,655,CARNARVON,1991,,453,455,908,0,0,0,453,455,908
655,656,CARNARVON,1992,,453,454,907,0,0,0,453,454,907
656,657,CARNARVON,1993,,433,433,866,0,0,0,433,433,866
657,658,CARNARVON,1994,,422,422,844,0,0,0,422,422,844
658,659,CARNARVON,1995,,553,558,1111,0,0,0,553,558,1111
659,660,CARNARVON,1996,,670,672,1342,0,0,0,670,672,1342
660,661,CARNARVON,1997,,564,566,1130,0,0,0,564,566,1130
661,662,CARNARVON,1998,,457,460,917,0,0,0,457,460,917
662,663,CARNARVON,1999,,380,386,766,0,0,0,380,386,766
663,664,CARNARVON,2000,,448,453,901,0,0,0,448,453,901
664,665,CARNARVON,2001,,407,406,813,0,0,0,407,406,813
665,666,CARNARVON,2002,,411,415,826,0,0,0,411,415,826
666,667,CARNARVON,2003,,474,478,952,0,0,0,474,478,952
667,668,CARNARVON,2004,,443,442,885,0,0,0,443,442,885
668,669,CARNARVON,2005,,386,400,786,0,0,0,386,400,786
669,670,CARNARVON,2006,,446,445,891,0,0,0,446,445,891
670,671,CARNARVON,2007,,489,486,975,0,0,0,489,486,975
671,672,CARNARVON,2008,,434,434,868,0,0,0,434,434,868
672,673,CARNARVON,2009,,532,544,1076,0,0,0,532,544,1076
673,674,CARNARVON,2010,,511,523,1034,0,0,0,511,523,1034
674,675,CARNARVON,2011,,547,548,1095,0,0,0,547,548,1095
675,676,CARNARVON,2012,,562,562,1124,0,0,0,562,562,1124
676,677,CARNARVON,2013,,594,595,1189,0,0,0,594,595,1189
677,678,CARNARVON,2014,,509,510,1019,0,0,0,509,510,1019
678,679,CARNARVON,2015,,565,565,1130,0,0,0,565,565,1130
679,680,CARNARVON,2016,,496,497,993,0,0,0,496,497,993
680,681,CARNARVON,2017,,494,495,989,0,0,0,494,495,989
681,682,CARNARVON,2018,,561,477,1038,0,0,0,561,477,1038
682,683,CARNARVON,2019,,622,616,1238,0,0,0,622,616,1238
683,684,CARNARVON,2020,,414,416,830,0,0,0,414,416,830
684,685,CEDUNA,1985,,259,259,518,0,0,0,259,259,518
685,686,CEDUNA,1986,,69,69,138,0,0,0,69,69,138
686,687,CEDUNA,1987,,293,326,619,0,0,0,293,326,619
687,688,CEDUNA,1988,,304,305,609,0,0,0,304,305,609
688,689,CEDUNA,1989,,301,297,598,0,0,0,301,297,598
689,690,CEDUNA,1990,,300,345,645,0,0,0,300,345,645
690,691,CEDUNA,1991,,324,322,646,0,0,0,324,322,646
691,692,CEDUNA,1992,,342,341,683,0,0,0,342,341,683
692,693,CEDUNA,1993,,343,343,686,0,0,0,343,343,686
693,694,CEDUNA,1994,,348,348,696,0,0,0,348,348,696
694,695,CEDUNA,1995,,345,345,690,0,0,0,345,345,690
695,696,CEDUNA,1996,,589,588,1177,0,0,0,589,588,1177
696,697,CEDUNA,1997,,658,657,1315,0,0,0,658,657,1315
697,698,CEDUNA,1998,,636,634,1270,0,0,0,636,634,1270
698,699,CEDUNA,1999,,519,519,1038,0,0,0,519,519,1038
699,700,CEDUNA,2000,,417,417,834,0,0,0,417,417,834
700,701,CEDUNA,2001,,401,401,802,0,0,0,401,401,802
701,702,CEDUNA,2002,,407,407,814,0,0,0,407,407,814
702,703,CEDUNA,2003,,505,504,1009,0,0,0,505,504,1009
703,704,CEDUNA,2004,,482,482,964,0,0,0,482,482,964
704,705,CEDUNA,2005,,552,552,1104,0,0,0,552,552,1104
705,706,CEDUNA,2006,,612,612,1224,0,0,0,612,612,1224
706,707,CEDUNA,2007,,605,605,1210,0,0,0,605,605,1210
707,708,CEDUNA,2008,,601,601,1202,0,0,0,601,601,1202
708,709,CEDUNA,2009,,591,591,1182,0,0,0,591,591,1182
709,710,CEDUNA,2010,,603,603,1206,0,0,0,603,603,1206
710,711,CEDUNA,2011,,595,595,1190,0,0,0,595,595,1190
711,712,CEDUNA,2012,,598,598,1196,0,0,0,598,598,1196
712,713,CEDUNA,2013,,587,586,1173,0,0,0,587,586,1173
713,714,CEDUNA,2014,,582,581,1163,0,0,0,582,581,1163
714,715,CEDUNA,2015,,581,581,1162,0,0,0,581,581,1162
715,716,CEDUNA,2016,,589,590,1179,0,0,0,589,590,1179
716,717,CEDUNA,2017,,591,589,1180,0,0,0,591,589,1180
717,718,CEDUNA,2018,,589,588,1177,0,0,0,589,588,1177
718,719,CEDUNA,2019,,727,727,1454,0,0,0,727,727,1454
719,720,CEDUNA,2020,,477,477,954,0,0,0,477,477,954
720,721,CHARLEVILLE,1985,,366,368,734,0,0,0,366,368,734
721,722,CHARLEVILLE,1986,,380,380,760,0,0,0,380,380,760
722,723,CHARLEVILLE,1987,,238,239,477,0,0,0,238,239,477
723,724,CHARLEVILLE,1988,,0,0,0,0,0,0,0,0,0
724,725,CHARLEVILLE,1989,,0,0,0,0,0,0,0,0,0
725,726,CHARLEVILLE,1990,,0,0,0,0,0,0,0,0,0
726,727,CHARLEVILLE,1991,,377,378,755,0,0,0,377,378,755
727,728,CHARLEVILLE,1992,,551,550,1101,0,0,0,551,550,1101
728,729,CHARLEVILLE,1993,,643,641,1284,0,0,0,643,641,1284
729,730,CHARLEVILLE,1994,,650,650,1300,0,0,0,650,650,1300
730,731,CHARLEVILLE,1995,,613,612,1225,0,0,0,613,612,1225
731,732,CHARLEVILLE,1996,,585,585,1170,0,0,0,585,585,1170
732,733,CHARLEVILLE,1997,,576,576,1152,0,0,0,576,576,1152
733,734,CHARLEVILLE,1998,,616,617,1233,0,0,0,616,617,1233
734,735,CHARLEVILLE,1999,,574,573,1147,0,0,0,574,573,1147
735,736,CHARLEVILLE,2000,,589,592,1181,0,0,0,589,592,1181
736,737,CHARLEVILLE,2001,,527,516,1043,0,0,0,527,516,1043
737,738,CHARLEVILLE,2002,,570,570,1140,0,0,0,570,570,1140
738,739,CHARLEVILLE,2003,,570,570,1140,0,0,0,570,570,1140
739,740,CHARLEVILLE,2004,,576,576,1152,0,0,0,576,576,1152
740,741,CHARLEVILLE,2005,,571,571,1142,0,0,0,571,571,1142
741,742,CHARLEVILLE,2006,,572,573,1145,0,0,0,572,573,1145
742,743,CHARLEVILLE,2007,,571,570,1141,0,0,0,571,570,1141
743,744,CHARLEVILLE,2008,,542,543,1085,0,0,0,542,543,1085
744,745,CHARLEVILLE,2009,,370,370,740,0,0,0,370,370,740
745,746,CHARLEVILLE,2010,,471,471,942,0,0,0,471,471,942
746,747,CHARLEVILLE,2011,,598,641,1239,0,0,0,598,641,1239
747,748,CHARLEVILLE,2012,,578,578,1156,0,0,0,578,578,1156
748,749,CHARLEVILLE,2013,,572,573,1145,0,0,0,572,573,1145
749,750,CHARLEVILLE,2014,,572,574,1146,0,0,0,572,574,1146
750,751,CHARLEVILLE,2015,,573,571,1144,0,0,0,573,571,1144
751,752,CHARLEVILLE,2016,,574,574,1148,0,0,0,574,574,1148
752,753,CHARLEVILLE,2017,,566,565,1131,0,0,0,566,565,1131
753,754,CHARLEVILLE,2018,,592,587,1179,0,0,0,592,587,1179
754,755,CHARLEVILLE,2019,,670,670,1340,0,0,0,670,670,1340
755,756,CHARLEVILLE,2020,,577,578,1155,0,0,0,577,578,1155
756,757,CHRISTMAS ISLAND,1985,,0,0,0,0,0,0,0,0,0
757,758,CHRISTMAS ISLAND,1986,,0,0,0,0,0,0,0,0,0
758,759,CHRISTMAS ISLAND,1987,,0,0,0,0,0,0,0,0,0
759,760,CHRISTMAS ISLAND,1988,,0,0,0,0,0,0,0,0,0
760,761,CHRISTMAS ISLAND,1989,,0,0,0,0,0,0,0,0,0
761,762,CHRISTMAS ISLAND,1990,,0,0,0,0,0,0,0,0,0
762,763,CHRISTMAS ISLAND,1991,,0,0,0,0,0,0,0,0,0
763,764,CHRISTMAS ISLAND,1992,,0,0,0,0,0,0,0,0,0
764,765,CHRISTMAS ISLAND,1993,,44,45,89,52,52,104,96,97,193
765,766,CHRISTMAS ISLAND,1994,,125,125,250,271,272,543,396,397,793
766,767,CHRISTMAS ISLAND,1995,,127,127,254,282,278,560,409,405,814
767,768,CHRISTMAS ISLAND,1996,,127,127,254,251,251,502,378,378,756
768,769,CHRISTMAS ISLAND,1997,,123,123,246,76,75,151,199,198,397
769,770,CHRISTMAS ISLAND,1998,,87,88,175,50,50,100,137,138,275
770,771,CHRISTMAS ISLAND,1999,,78,79,157,0,0,0,78,79,157
771,772,CHRISTMAS ISLAND,2000,,86,85,171,0,0,0,86,85,171
772,773,CHRISTMAS ISLAND,2001,,103,104,207,0,0,0,103,104,207
773,774,CHRISTMAS ISLAND,2002,,140,139,279,0,0,0,140,139,279
774,775,CHRISTMAS ISLAND,2003,,130,131,261,0,0,0,130,131,261
775,776,CHRISTMAS ISLAND,2004,,136,135,271,0,0,0,136,135,271
776,777,CHRISTMAS ISLAND,2005,,123,123,246,0,0,0,123,123,246
777,778,CHRISTMAS ISLAND,2006,,130,130,260,0,0,0,130,130,260
778,779,CHRISTMAS ISLAND,2007,,166,166,332,4,4,8,170,170,340
779,780,CHRISTMAS ISLAND,2008,,144,143,287,22,22,44,166,165,331
780,781,CHRISTMAS ISLAND,2009,,168,168,336,0,0,0,168,168,336
781,782,CHRISTMAS ISLAND,2010,,188,188,376,0,0,0,188,188,376
782,783,CHRISTMAS ISLAND,2011,,298,291,589,0,0,0,298,291,589
783,784,CHRISTMAS ISLAND,2012,,352,348,700,0,0,0,352,348,700
784,785,CHRISTMAS ISLAND,2013,,358,351,709,0,0,0,358,351,709
785,786,CHRISTMAS ISLAND,2014,,348,344,692,0,0,0,348,344,692
786,787,CHRISTMAS ISLAND,2015,,132,132,264,0,0,0,132,132,264
787,788,CHRISTMAS ISLAND,2016,,111,111,222,0,0,0,111,111,222
788,789,CHRISTMAS ISLAND,2017,,106,103,209,0,0,0,106,103,209
789,790,CHRISTMAS ISLAND,2018,,105,105,210,0,0,0,105,105,210
790,791,CHRISTMAS ISLAND,2019,,105,105,210,0,0,0,105,105,210
791,792,CHRISTMAS ISLAND,2020,,110,110,220,0,0,0,110,110,220
792,793,CLONCURRY,1985,,302,300,602,0,0,0,302,300,602
793,794,CLONCURRY,1986,,309,309,618,0,0,0,309,309,618
794,795,CLONCURRY,1987,,128,127,255,0,0,0,128,127,255
795,796,CLONCURRY,1988,,0,0,0,0,0,0,0,0,0
796,797,CLONCURRY,1989,,0,0,0,0,0,0,0,0,0
797,798,CLONCURRY,1990,,0,0,0,0,0,0,0,0,0
798,799,CLONCURRY,1991,,233,237,470,0,0,0,233,237,470
799,800,CLONCURRY,1992,,217,216,433,0,0,0,217,216,433
800,801,CLONCURRY,1993,,229,229,458,0,0,0,229,229,458
801,802,CLONCURRY,1994,,246,246,492,0,0,0,246,246,492
802,803,CLONCURRY,1995,,289,289,578,0,0,0,289,289,578
803,804,CLONCURRY,1996,,449,449,898,0,0,0,449,449,898
804,805,CLONCURRY,1997,,555,553,1108,0,0,0,555,553,1108
805,806,CLONCURRY,1998,,904,902,1806,0,0,0,904,902,1806
806,807,CLONCURRY,1999,,1352,1353,2705,0,0,0,1352,1353,2705
807,808,CLONCURRY,2000,,1302,1308,2610,0,0,0,1302,1308,2610
808,809,CLONCURRY,2001,,981,982,1963,0,0,0,981,982,1963
809,810,CLONCURRY,2002,,884,885,1769,0,0,0,884,885,1769
810,811,CLONCURRY,2003,,668,670,1338,0,0,0,668,670,1338
811,812,CLONCURRY,2004,,369,371,740,0,0,0,369,371,740
812,813,CLONCURRY,2005,,342,342,684,0,0,0,342,342,684
813,814,CLONCURRY,2006,,338,336,674,0,0,0,338,336,674
814,815,CLONCURRY,2007,,388,387,775,0,0,0,388,387,775
815,816,CLONCURRY,2008,,433,439,872,0,0,0,433,439,872
816,817,CLONCURRY,2009,,417,396,813,0,0,0,417,396,813
817,818,CLONCURRY,2010,,520,571,1091,0,0,0,520,571,1091
818,819,CLONCURRY,2011,,454,497,951,0,0,0,454,497,951
819,820,CLONCURRY,2012,,362,405,767,0,0,0,362,405,767
820,821,CLONCURRY,2013,,377,424,801,0,0,0,377,424,801
821,822,CLONCURRY,2014,,463,517,980,0,0,0,463,517,980
822,823,CLONCURRY,2015,,461,515,976,0,0,0,461,515,976
823,824,CLONCURRY,2016,,497,551,1048,0,0,0,497,551,1048
824,825,CLONCURRY,2017,,513,567,1080,0,0,0,513,567,1080
825,826,CLONCURRY,2018,,522,572,1094,0,0,0,522,572,1094
826,827,CLONCURRY,2019,,581,623,1204,0,0,0,581,623,1204
827,828,CLONCURRY,2020,,329,333,662,0,0,0,329,333,662
828,829,COCOS ISLAND,1985,,0,0,0,0,0,0,0,0,0
829,830,COCOS ISLAND,1986,,0,0,0,0,0,0,0,0,0
830,831,COCOS ISLAND,1987,,0,0,0,0,0,0,0,0,0
831,832,COCOS ISLAND,1988,,0,0,0,0,0,0,0,0,0
832,833,COCOS ISLAND,1989,,0,0,0,0,0,0,0,0,0
833,834,COCOS ISLAND,1990,,0,0,0,0,0,0,0,0,0
834,835,COCOS ISLAND,1991,,0,0,0,0,0,0,0,0,0
835,836,COCOS ISLAND,1992,,0,0,0,0,0,0,0,0,0
836,837,COCOS ISLAND,1993,,33,34,67,0,0,0,33,34,67
837,838,COCOS ISLAND,1994,,104,104,208,0,0,0,104,104,208
838,839,COCOS ISLAND,1995,,104,104,208,0,0,0,104,104,208
839,840,COCOS ISLAND,1996,,105,105,210,0,0,0,105,105,210
840,841,COCOS ISLAND,1997,,104,105,209,0,0,0,104,105,209
841,842,COCOS ISLAND,1998,,92,92,184,0,0,0,92,92,184
842,843,COCOS ISLAND,1999,,79,78,157,0,0,0,79,78,157
843,844,COCOS ISLAND,2000,,84,85,169,0,0,0,84,85,169
844,845,COCOS ISLAND,2001,,103,103,206,0,0,0,103,103,206
845,846,COCOS ISLAND,2002,,108,108,216,0,0,0,108,108,216
846,847,COCOS ISLAND,2003,,108,108,216,0,0,0,108,108,216
847,848,COCOS ISLAND,2004,,113,113,226,0,0,0,113,113,226
848,849,COCOS ISLAND,2005,,112,112,224,0,0,0,112,112,224
849,850,COCOS ISLAND,2006,,110,110,220,0,0,0,110,110,220
850,851,COCOS ISLAND,2007,,152,152,304,0,0,0,152,152,304
851,852,COCOS ISLAND,2008,,128,138,266,0,0,0,128,138,266
852,853,COCOS ISLAND,2009,,143,143,286,0,0,0,143,143,286
853,854,COCOS ISLAND,2010,,131,136,267,0,0,0,131,136,267
854,855,COCOS ISLAND,2011,,159,161,320,0,0,0,159,161,320
855,856,COCOS ISLAND,2012,,149,151,300,0,0,0,149,151,300
856,857,COCOS ISLAND,2013,,151,149,300,0,0,0,151,149,300
857,858,COCOS ISLAND,2014,,147,146,293,0,0,0,147,146,293
858,859,COCOS ISLAND,2015,,104,104,208,0,0,0,104,104,208
859,860,COCOS ISLAND,2016,,112,111,223,0,0,0,112,111,223
860,861,COCOS ISLAND,2017,,100,101,201,0,0,0,100,101,201
861,862,COCOS ISLAND,2018,,105,102,207,0,0,0,105,102,207
862,863,COCOS ISLAND,2019,,104,105,209,0,0,0,104,105,209
863,864,COCOS ISLAND,2020,,108,108,216,0,0,0,108,108,216
864,865,COFFS HARBOUR,1985,19,4434,4434,8868,0,0,0,4434,4434,8868
865,866,COFFS HARBOUR,1986,19,4536,4535,9071,0,0,0,4536,4535,9071
866,867,COFFS HARBOUR,1987,16,5432,5427,10859,0,0,0,5432,5427,10859
867,868,COFFS HARBOUR,1988,18,4524,4525,9049,0,0,0,4524,4525,9049
868,869,COFFS HARBOUR,1989,15,4159,4157,8316,0,0,0,4159,4157,8316
869,870,COFFS HARBOUR,1990,17,4066,4049,8115,0,0,0,4066,4049,8115
870,871,COFFS HARBOUR,1991,18,4591,4581,9172,0,0,0,4591,4581,9172
871,872,COFFS HARBOUR,1992,16,4896,4949,9845,0,0,0,4896,4949,9845
872,873,COFFS HARBOUR,1993,10,7848,7846,15694,0,0,0,7848,7846,15694
873,874,COFFS HARBOUR,1994,18,5688,5689,11377,0,0,0,5688,5689,11377
874,875,COFFS HARBOUR,1995,18,5302,5299,10601,0,0,0,5302,5299,10601
875,876,COFFS HARBOUR,1996,18,5281,5280,10561,0,0,0,5281,5280,10561
876,877,COFFS HARBOUR,1997,17,5474,5493,10967,0,0,0,5474,5493,10967
877,878,COFFS HARBOUR,1998,22,4533,4536,9069,0,0,0,4533,4536,9069
878,879,COFFS HARBOUR,1999,19,4951,4979,9930,0,0,0,4951,4979,9930
879,880,COFFS HARBOUR,2000,14,6400,6398,12798,0,0,0,6400,6398,12798
880,881,COFFS HARBOUR,2001,15,5423,5442,10865,0,0,0,5423,5442,10865
881,882,COFFS HARBOUR,2002,14,4749,4751,9500,0,0,0,4749,4751,9500
882,883,COFFS HARBOUR,2003,22,3319,3332,6651,0,0,0,3319,3332,6651
883,884,COFFS HARBOUR,2004,25,3040,3037,6077,0,0,0,3040,3037,6077
884,885,COFFS HARBOUR,2005,19,3866,3864,7730,0,0,0,3866,3864,7730
885,886,COFFS HARBOUR,2006,18,3976,3974,7950,0,0,0,3976,3974,7950
886,887,COFFS HARBOUR,2007,19,3880,3881,7761,0,0,0,3880,3881,7761
887,888,COFFS HARBOUR,2008,19,3574,3576,7150,0,0,0,3574,3576,7150
888,889,COFFS HARBOUR,2009,18,3520,3524,7044,0,0,0,3520,3524,7044
889,890,COFFS HARBOUR,2010,18,3730,3729,7459,0,0,0,3730,3729,7459
890,891,COFFS HARBOUR,2011,25,3085,3085,6170,0,0,0,3085,3085,6170
891,892,COFFS HARBOUR,2012,29,2890,2886,5776,0,0,0,2890,2886,5776
892,893,COFFS HARBOUR,2013,26,3105,3100,6205,0,0,0,3105,3100,6205
893,894,COFFS HARBOUR,2014,31,2769,2765,5534,0,0,0,2769,2765,5534
894,895,COFFS HARBOUR,2015,26,2791,2784,5575,0,0,0,2791,2784,5575
895,896,COFFS HARBOUR,2016,26,2947,2941,5888,0,0,0,2947,2941,5888
896,897,COFFS HARBOUR,2017,25,3108,3103,6211,0,0,0,3108,3103,6211
897,898,COFFS HARBOUR,2018,25,2843,2840,5683,0,0,0,2843,2840,5683
898,899,COFFS HARBOUR,2019,25,2910,2902,5812,0,0,0,2910,2902,5812
899,900,COFFS HARBOUR,2020,,1382,1380,2762,0,0,0,1382,1380,2762
900,901,COOKTOWN,1985,,259,258,517,0,0,0,259,258,517
901,902,COOKTOWN,1986,,328,331,659,0,0,0,328,331,659
902,903,COOKTOWN,1987,,422,414,836,0,0,0,422,414,836
903,904,COOKTOWN,1988,,405,406,811,0,0,0,405,406,811
904,905,COOKTOWN,1989,,337,337,674,0,0,0,337,337,674
905,906,COOKTOWN,1990,,254,253,507,0,0,0,254,253,507
906,907,COOKTOWN,1991,,541,537,1078,0,0,0,541,537,1078
907,908,COOKTOWN,1992,,651,654,1305,0,0,0,651,654,1305
908,909,COOKTOWN,1993,,656,656,1312,0,0,0,656,656,1312
909,910,COOKTOWN,1994,,579,579,1158,0,0,0,579,579,1158
910,911,COOKTOWN,1995,,1158,1157,2315,0,0,0,1158,1157,2315
911,912,COOKTOWN,1996,,878,876,1754,0,0,0,878,876,1754
912,913,COOKTOWN,1997,,626,626,1252,0,0,0,626,626,1252
913,914,COOKTOWN,1998,,626,626,1252,0,0,0,626,626,1252
914,915,COOKTOWN,1999,,626,626,1252,0,0,0,626,626,1252
915,916,COOKTOWN,2000,,626,626,1252,0,0,0,626,626,1252
916,917,COOKTOWN,2001,,795,795,1590,0,0,0,795,795,1590
917,918,COOKTOWN,2002,,1005,1005,2010,0,0,0,1005,1005,2010
918,919,COOKTOWN,2003,,1092,1092,2184,0,0,0,1092,1092,2184
919,920,COOKTOWN,2004,,1187,1187,2374,0,0,0,1187,1187,2374
920,921,COOKTOWN,2005,,1302,1303,2605,0,0,0,1302,1303,2605
921,922,COOKTOWN,2006,,1382,1382,2764,0,0,0,1382,1382,2764
922,923,COOKTOWN,2007,,916,916,1832,0,0,0,916,916,1832
923,924,COOKTOWN,2008,,658,658,1316,0,0,0,658,658,1316
924,925,COOKTOWN,2009,,737,737,1474,0,0,0,737,737,1474
925,926,COOKTOWN,2010,,823,821,1644,0,0,0,823,821,1644
926,927,COOKTOWN,2011,,633,633,1266,0,0,0,633,633,1266
927,928,COOKTOWN,2012,,631,629,1260,0,0,0,631,629,1260
928,929,COOKTOWN,2013,,655,656,1311,0,0,0,655,656,1311
929,930,COOKTOWN,2014,,657,658,1315,0,0,0,657,658,1315
930,931,COOKTOWN,2015,,660,658,1318,0,0,0,660,658,1318
931,932,COOKTOWN,2016,,688,690,1378,0,0,0,688,690,1378
932,933,COOKTOWN,2017,,924,923,1847,0,0,0,924,923,1847
933,934,COOKTOWN,2018,,927,925,1852,0,0,0,927,925,1852
934,935,COOKTOWN,2019,,928,929,1857,0,0,0,928,929,1857
935,936,COOKTOWN,2020,,738,740,1478,0,0,0,738,740,1478
936,937,DARWIN,1985,13,5114,5194,10308,338,338,676,5452,5532,10984
937,938,DARWIN,1986,14,5209,5280,10489,482,489,971,5691,5769,11460
938,939,DARWIN,1987,11,5486,5477,10963,611,614,1225,6097,6091,12188
939,940,DARWIN,1988,11,5388,5455,10843,720,719,1439,6108,6174,12282
940,941,DARWIN,1989,19,2650,2640,5290,678,663,1341,3328,3303,6631
941,942,DARWIN,1990,25,2646,2620,5266,685,682,1367,3331,3302,6633
942,943,DARWIN,1991,17,3813,3778,7591,830,830,1660,4643,4608,9251
943,944,DARWIN,1992,9,6634,6634,13268,954,953,1907,7588,7587,15175
944,945,DARWIN,1993,9,7175,7183,14358,1129,1130,2259,8304,8313,16617
945,946,DARWIN,1994,9,8094,8084,16178,1531,1530,3061,9625,9614,19239
946,947,DARWIN,1995,9,9454,9436,18890,1634,1634,3268,11088,11070,22158
947,948,DARWIN,1996,9,10449,10433,20882,1779,1778,3557,12228,12211,24439
948,949,DARWIN,1997,8,9952,9942,19894,2003,2006,4009,11955,11948,23903
949,950,DARWIN,1998,8,10145,10147,20292,2038,2037,4075,12183,12184,24367
950,951,DARWIN,1999,8,10172,10165,20337,1882,1881,3763,12054,12046,24100
951,952,DARWIN,2000,8,9291,9299,18590,1945,1946,3891,11236,11245,22481
952,953,DARWIN,2001,8,8172,8187,16359,1434,1434,2868,9606,9621,19227
953,954,DARWIN,2002,9,8051,8053,16104,689,687,1376,8740,8740,17480
954,955,DARWIN,2003,9,7871,7861,15732,637,637,1274,8508,8498,17006
955,956,DARWIN,2004,10,7010,7221,14231,877,876,1753,7887,8097,15984
956,957,DARWIN,2005,10,7025,7245,14270,1018,1017,2035,8043,8262,16305
957,958,DARWIN,2006,10,7370,7429,14799,1355,1356,2711,8725,8785,17510
958,959,DARWIN,2007,10,7628,7574,15202,1584,1584,3168,9212,9158,18370
959,960,DARWIN,2008,9,8162,8109,16271,2103,2103,4206,10265,10212,20477
960,961,DARWIN,2009,9,9955,9974,19929,2677,2650,5327,12632,12624,25256
961,962,DARWIN,2010,10,11057,11059,22116,2523,2494,5017,13580,13553,27133
962,963,DARWIN,2011,10,11494,11447,22941,2241,2239,4480,13735,13686,27421
963,964,DARWIN,2012,10,11607,11641,23248,1891,1862,3753,13498,13503,27001
964,965,DARWIN,2013,9,11544,11799,23343,1988,1937,3925,13532,13736,27268
965,966,DARWIN,2014,9,12142,12150,24292,1736,1715,3451,13878,13865,27743
966,967,DARWIN,2015,9,12512,12338,24850,1383,1380,2763,13895,13718,27613
967,968,DARWIN,2016,9,12854,12567,25421,1489,1491,2980,14343,14058,28401
968,969,DARWIN,2017,9,12548,12266,24814,1437,1431,2868,13985,13697,27682
969,970,DARWIN,2018,9,12139,11881,24020,957,957,1914,13096,12838,25934
970,971,DARWIN,2019,9,11707,11534,23241,1055,1054,2109,12762,12588,25350
971,972,DARWIN,2020,8,7259,7078,14337,356,356,712,7615,7434,15049
972,973,DEVONPORT,1985,15,5240,5217,10457,0,0,0,5240,5217,10457
973,974,DEVONPORT,1986,11,6264,6247,12511,0,0,0,6264,6247,12511
974,975,DEVONPORT,1987,14,5555,5562,11117,0,0,0,5555,5562,11117
975,976,DEVONPORT,1988,20,3944,3946,7890,0,0,0,3944,3946,7890
976,977,DEVONPORT,1989,24,3053,3055,6108,0,0,0,3053,3055,6108
977,978,DEVONPORT,1990,23,3485,3483,6968,0,0,0,3485,3483,6968
978,979,DEVONPORT,1991,24,3589,3598,7187,0,0,0,3589,3598,7187
979,980,DEVONPORT,1992,25,3575,3583,7158,0,0,0,3575,3583,7158
980,981,DEVONPORT,1993,27,3500,3609,7109,0,0,0,3500,3609,7109
981,982,DEVONPORT,1994,26,3545,3608,7153,0,0,0,3545,3608,7153
982,983,DEVONPORT,1995,28,3469,3541,7010,0,0,0,3469,3541,7010
983,984,DEVONPORT,1996,30,3446,3501,6947,0,0,0,3446,3501,6947
984,985,DEVONPORT,1997,30,3220,3264,6484,0,0,0,3220,3264,6484
985,986,DEVONPORT,1998,24,3871,3920,7791,0,0,0,3871,3920,7791
986,987,DEVONPORT,1999,25,4011,4025,8036,0,0,0,4011,4025,8036
987,988,DEVONPORT,2000,27,3671,3665,7336,0,0,0,3671,3665,7336
988,989,DEVONPORT,2001,28,3033,3028,6061,0,0,0,3033,3028,6061
989,990,DEVONPORT,2002,30,2713,2690,5403,0,0,0,2713,2690,5403
990,991,DEVONPORT,2003,,2362,2363,4725,0,0,0,2362,2363,4725
991,992,DEVONPORT,2004,28,2898,2894,5792,0,0,0,2898,2894,5792
992,993,DEVONPORT,2005,29,2518,2516,5034,0,0,0,2518,2516,5034
993,994,DEVONPORT,2006,,2078,2072,4150,0,0,0,2078,2072,4150
994,995,DEVONPORT,2007,,2493,2489,4982,0,0,0,2493,2489,4982
995,996,DEVONPORT,2008,26,2622,2621,5243,0,0,0,2622,2621,5243
996,997,DEVONPORT,2009,,2047,2050,4097,0,0,0,2047,2050,4097
997,998,DEVONPORT,2010,,2196,2199,4395,0,0,0,2196,2199,4395
998,999,DEVONPORT,2011,,2212,2209,4421,0,0,0,2212,2209,4421
999,1000,DEVONPORT,2012,,1470,1468,2938,0,0,0,1470,1468,2938
1000,1001,DEVONPORT,2013,,1398,1393,2791,0,0,0,1398,1393,2791
1001,1002,DEVONPORT,2014,,1401,1403,2804,0,0,0,1401,1403,2804
1002,1003,DEVONPORT,2015,,1374,1375,2749,0,0,0,1374,1375,2749
1003,1004,DEVONPORT,2016,,1357,1358,2715,0,0,0,1357,1358,2715
1004,1005,DEVONPORT,2017,,1344,1348,2692,0,0,0,1344,1348,2692
1005,1006,DEVONPORT,2018,,1351,1350,2701,0,0,0,1351,1350,2701
1006,1007,DEVONPORT,2019,,1346,1344,2690,0,0,0,1346,1344,2690
1007,1008,DEVONPORT,2020,,401,402,803,0,0,0,401,402,803
1008,1009,DUBBO,1985,,1590,1590,3180,0,0,0,1590,1590,3180
1009,1010,DUBBO,1986,,1424,1396,2820,0,0,0,1424,1396,2820
1010,1011,DUBBO,1987,,1538,1522,3060,0,0,0,1538,1522,3060
1011,1012,DUBBO,1988,24,3176,3267,6443,0,0,0,3176,3267,6443
1012,1013,DUBBO,1989,27,2696,2757,5453,0,0,0,2696,2757,5453
1013,1014,DUBBO,1990,15,4210,4290,8500,0,0,0,4210,4290,8500
1014,1015,DUBBO,1991,27,3225,3294,6519,0,0,0,3225,3294,6519
1015,1016,DUBBO,1992,26,3240,3284,6524,0,0,0,3240,3284,6524
1016,1017,DUBBO,1993,29,3237,3204,6441,0,0,0,3237,3204,6441
1017,1018,DUBBO,1994,25,3700,3689,7389,0,0,0,3700,3689,7389
1018,1019,DUBBO,1995,21,4608,4637,9245,0,0,0,4608,4637,9245
1019,1020,DUBBO,1996,20,4834,4872,9706,0,0,0,4834,4872,9706
1020,1021,DUBBO,1997,20,4972,4981,9953,0,0,0,4972,4981,9953
1021,1022,DUBBO,1998,18,5164,5202,10366,0,0,0,5164,5202,10366
1022,1023,DUBBO,1999,20,4864,4840,9704,0,0,0,4864,4840,9704
1023,1024,DUBBO,2000,22,4757,4765,9522,0,0,0,4757,4765,9522
1024,1025,DUBBO,2001,20,4456,4444,8900,0,0,0,4456,4444,8900
1025,1026,DUBBO,2002,15,4417,4411,8828,0,0,0,4417,4411,8828
1026,1027,DUBBO,2003,13,4865,4863,9728,0,0,0,4865,4863,9728
1027,1028,DUBBO,2004,13,5167,5181,10348,0,0,0,5167,5181,10348
1028,1029,DUBBO,2005,15,5406,5417,10823,0,0,0,5406,5417,10823
1029,1030,DUBBO,2006,15,5220,5209,10429,0,0,0,5220,5209,10429
1030,1031,DUBBO,2007,16,5092,5100,10192,0,0,0,5092,5100,10192
1031,1032,DUBBO,2008,17,4405,4261,8666,0,0,0,4405,4261,8666
1032,1033,DUBBO,2009,20,3244,3245,6489,0,0,0,3244,3245,6489
1033,1034,DUBBO,2010,22,3404,3405,6809,0,0,0,3404,3405,6809
1034,1035,DUBBO,2011,21,3436,3440,6876,0,0,0,3436,3440,6876
1035,1036,DUBBO,2012,21,3467,3470,6937,0,0,0,3467,3470,6937
1036,1037,DUBBO,2013,19,3612,3636,7248,0,0,0,3612,3636,7248
1037,1038,DUBBO,2014,19,3684,3615,7299,0,0,0,3684,3615,7299
1038,1039,DUBBO,2015,22,3562,3467,7029,0,0,0,3562,3467,7029
1039,1040,DUBBO,2016,17,3882,3858,7740,0,0,0,3882,3858,7740
1040,1041,DUBBO,2017,16,4652,4635,9287,0,0,0,4652,4635,9287
1041,1042,DUBBO,2018,19,3706,3694,7400,0,0,0,3706,3694,7400
1042,1043,DUBBO,2019,17,3989,3911,7900,0,0,0,3989,3911,7900
1043,1044,DUBBO,2020,,2147,2134,4281,0,0,0,2147,2134,4281
1044,1045,EDWARD RIVER,1985,,259,258,517,0,0,0,259,258,517
1045,1046,EDWARD RIVER,1986,,299,299,598,0,0,0,299,299,598
1046,1047,EDWARD RIVER,1987,,205,205,410,0,0,0,205,205,410
1047,1048,EDWARD RIVER,1988,,0,0,0,0,0,0,0,0,0
1048,1049,EDWARD RIVER,1989,,0,0,0,0,0,0,0,0,0
1049,1050,EDWARD RIVER,1990,,144,123,267,0,0,0,144,123,267
1050,1051,EDWARD RIVER,1991,,218,227,445,0,0,0,218,227,445
1051,1052,EDWARD RIVER,1992,,216,218,434,0,0,0,216,218,434
1052,1053,EDWARD RIVER,1993,,207,208,415,0,0,0,207,208,415
1053,1054,EDWARD RIVER,1994,,216,215,431,0,0,0,216,215,431
1054,1055,EDWARD RIVER,1995,,271,271,542,0,0,0,271,271,542
1055,1056,EDWARD RIVER,1996,,258,258,516,0,0,0,258,258,516
1056,1057,EDWARD RIVER,1997,,261,261,522,0,0,0,261,261,522
1057,1058,EDWARD RIVER,1998,,261,261,522,0,0,0,261,261,522
1058,1059,EDWARD RIVER,1999,,261,261,522,0,0,0,261,261,522
1059,1060,EDWARD RIVER,2000,,260,260,520,0,0,0,260,260,520
1060,1061,EDWARD RIVER,2001,,236,236,472,0,0,0,236,236,472
1061,1062,EDWARD RIVER,2002,,210,210,420,0,0,0,210,210,420
1062,1063,EDWARD RIVER,2003,,246,246,492,0,0,0,246,246,492
1063,1064,EDWARD RIVER,2004,,262,262,524,0,0,0,262,262,524
1064,1065,EDWARD RIVER,2005,,260,260,520,0,0,0,260,260,520
1065,1066,EDWARD RIVER,2006,,257,286,543,0,0,0,257,286,543
1066,1067,EDWARD RIVER,2007,,206,206,412,0,0,0,206,206,412
1067,1068,EDWARD RIVER,2008,,197,196,393,0,0,0,197,196,393
1068,1069,EDWARD RIVER,2009,,222,221,443,0,0,0,222,221,443
1069,1070,EDWARD RIVER,2010,,208,208,416,0,0,0,208,208,416
1070,1071,EDWARD RIVER,2011,,205,205,410,0,0,0,205,205,410
1071,1072,EDWARD RIVER,2012,,219,219,438,0,0,0,219,219,438
1072,1073,EDWARD RIVER,2013,,204,203,407,0,0,0,204,203,407
1073,1074,EDWARD RIVER,2014,,205,204,409,0,0,0,205,204,409
1074,1075,EDWARD RIVER,2015,,470,434,904,0,0,0,470,434,904
1075,1076,EDWARD RIVER,2016,,591,596,1187,0,0,0,591,596,1187
1076,1077,EDWARD RIVER,2017,,562,564,1126,0,0,0,562,564,1126
1077,1078,EDWARD RIVER,2018,,602,603,1205,0,0,0,602,603,1205
1078,1079,EDWARD RIVER,2019,,549,549,1098,0,0,0,549,549,1098
1079,1080,EDWARD RIVER,2020,,252,252,504,0,0,0,252,252,504
1080,1081,EMERALD,1985,,462,460,922,0,0,0,462,460,922
1081,1082,EMERALD,1986,,436,460,896,0,0,0,436,460,896
1082,1083,EMERALD,1987,,763,888,1651,0,0,0,763,888,1651
1083,1084,EMERALD,1988,,1315,1326,2641,0,0,0,1315,1326,2641
1084,1085,EMERALD,1989,,1231,1167,2398,0,0,0,1231,1167,2398
1085,1086,EMERALD,1990,,1835,1766,3601,0,0,0,1835,1766,3601
1086,1087,EMERALD,1991,,1106,1107,2213,0,0,0,1106,1107,2213
1087,1088,EMERALD,1992,,1559,1536,3095,0,0,0,1559,1536,3095
1088,1089,EMERALD,1993,,1633,1448,3081,0,0,0,1633,1448,3081
1089,1090,EMERALD,1994,,1242,1243,2485,0,0,0,1242,1243,2485
1090,1091,EMERALD,1995,,1239,1234,2473,0,0,0,1239,1234,2473
1091,1092,EMERALD,1996,,1246,1235,2481,0,0,0,1246,1235,2481
1092,1093,EMERALD,1997,,1214,1214,2428,0,0,0,1214,1214,2428
1093,1094,EMERALD,1998,,1186,1186,2372,0,0,0,1186,1186,2372
1094,1095,EMERALD,1999,,1193,1196,2389,0,0,0,1193,1196,2389
1095,1096,EMERALD,2000,,1196,1196,2392,0,0,0,1196,1196,2392
1096,1097,EMERALD,2001,,982,981,1963,0,0,0,982,981,1963
1097,1098,EMERALD,2002,,898,895,1793,0,0,0,898,895,1793
1098,1099,EMERALD,2003,,889,895,1784,0,0,0,889,895,1784
1099,1100,EMERALD,2004,,915,916,1831,0,0,0,915,916,1831
1100,1101,EMERALD,2005,,1186,1189,2375,0,0,0,1186,1189,2375
1101,1102,EMERALD,2006,,1148,1147,2295,0,0,0,1148,1147,2295
1102,1103,EMERALD,2007,,1142,1136,2278,0,0,0,1142,1136,2278
1103,1104,EMERALD,2008,,1278,1263,2541,0,0,0,1278,1263,2541
1104,1105,EMERALD,2009,,1231,1219,2450,0,0,0,1231,1219,2450
1105,1106,EMERALD,2010,,1421,1389,2810,0,0,0,1421,1389,2810
1106,1107,EMERALD,2011,,1739,1735,3474,0,0,0,1739,1735,3474
1107,1108,EMERALD,2012,27,2933,2936,5869,0,0,0,2933,2936,5869
1108,1109,EMERALD,2013,25,3295,3290,6585,0,0,0,3295,3290,6585
1109,1110,EMERALD,2014,29,2881,2877,5758,0,0,0,2881,2877,5758
1110,1111,EMERALD,2015,27,2767,2730,5497,0,0,0,2767,2730,5497
1111,1112,EMERALD,2016,,2501,2491,4992,0,0,0,2501,2491,4992
1112,1113,EMERALD,2017,,2028,2027,4055,0,0,0,2028,2027,4055
1113,1114,EMERALD,2018,,1907,1854,3761,0,0,0,1907,1854,3761
1114,1115,EMERALD,2019,,2408,2406,4814,0,0,0,2408,2406,4814
1115,1116,EMERALD,2020,,1632,1629,3261,0,0,0,1632,1629,3261
1116,1117,ESPERANCE,1985,,728,728,1456,0,0,0,728,728,1456
1117,1118,ESPERANCE,1986,,771,771,1542,0,0,0,771,771,1542
1118,1119,ESPERANCE,1987,,750,750,1500,0,0,0,750,750,1500
1119,1120,ESPERANCE,1988,,830,830,1660,0,0,0,830,830,1660
1120,1121,ESPERANCE,1989,,749,746,1495,0,0,0,749,746,1495
1121,1122,ESPERANCE,1990,,653,654,1307,0,0,0,653,654,1307
1122,1123,ESPERANCE,1991,,652,653,1305,0,0,0,652,653,1305
1123,1124,ESPERANCE,1992,,639,640,1279,0,0,0,639,640,1279
1124,1125,ESPERANCE,1993,,662,662,1324,0,0,0,662,662,1324
1125,1126,ESPERANCE,1994,,688,689,1377,0,0,0,688,689,1377
1126,1127,ESPERANCE,1995,,790,790,1580,0,0,0,790,790,1580
1127,1128,ESPERANCE,1996,,630,629,1259,0,0,0,630,629,1259
1128,1129,ESPERANCE,1997,,585,585,1170,0,0,0,585,585,1170
1129,1130,ESPERANCE,1998,,509,508,1017,0,0,0,509,508,1017
1130,1131,ESPERANCE,1999,,519,519,1038,0,0,0,519,519,1038
1131,1132,ESPERANCE,2000,,645,646,1291,0,0,0,645,646,1291
1132,1133,ESPERANCE,2001,,584,583,1167,0,0,0,584,583,1167
1133,1134,ESPERANCE,2002,,583,584,1167,0,0,0,583,584,1167
1134,1135,ESPERANCE,2003,,562,562,1124,0,0,0,562,562,1124
1135,1136,ESPERANCE,2004,,681,681,1362,0,0,0,681,681,1362
1136,1137,ESPERANCE,2005,,641,641,1282,0,0,0,641,641,1282
1137,1138,ESPERANCE,2006,,627,626,1253,0,0,0,627,626,1253
1138,1139,ESPERANCE,2007,,716,713,1429,0,0,0,716,713,1429
1139,1140,ESPERANCE,2008,,796,795,1591,0,0,0,796,795,1591
1140,1141,ESPERANCE,2009,,793,793,1586,0,0,0,793,793,1586
1141,1142,ESPERANCE,2010,,797,797,1594,0,0,0,797,797,1594
1142,1143,ESPERANCE,2011,,904,904,1808,0,0,0,904,904,1808
1143,1144,ESPERANCE,2012,,937,936,1873,0,0,0,937,936,1873
1144,1145,ESPERANCE,2013,,896,894,1790,0,0,0,896,894,1790
1145,1146,ESPERANCE,2014,,901,899,1800,0,0,0,901,899,1800
1146,1147,ESPERANCE,2015,,673,672,1345,0,0,0,673,672,1345
1147,1148,ESPERANCE,2016,,915,912,1827,0,0,0,915,912,1827
1148,1149,ESPERANCE,2017,,958,956,1914,0,0,0,958,956,1914
1149,1150,ESPERANCE,2018,,961,960,1921,0,0,0,961,960,1921
1150,1151,ESPERANCE,2019,,963,963,1926,0,0,0,963,963,1926
1151,1152,ESPERANCE,2020,,631,631,1262,0,0,0,631,631,1262
1152,1153,ESSENDON FIELDS,1985,,714,705,1419,0,0,0,714,705,1419
1153,1154,ESSENDON FIELDS,1986,,1162,1177,2339,0,0,0,1162,1177,2339
1154,1155,ESSENDON FIELDS,1987,,1657,1590,3247,0,0,0,1657,1590,3247
1155,1156,ESSENDON FIELDS,1988,33,2569,2553,5122,0,0,0,2569,2553,5122
1156,1157,ESSENDON FIELDS,1989,,2093,2078,4171,0,0,0,2093,2078,4171
1157,1158,ESSENDON FIELDS,1990,,1179,1169,2348,0,0,0,1179,1169,2348
1158,1159,ESSENDON FIELDS,1991,,1088,1077,2165,0,0,0,1088,1077,2165
1159,1160,ESSENDON FIELDS,1992,,945,928,1873,0,0,0,945,928,1873
1160,1161,ESSENDON FIELDS,1993,,617,626,1243,0,0,0,617,626,1243
1161,1162,ESSENDON FIELDS,1994,,1022,1009,2031,0,0,0,1022,1009,2031
1162,1163,ESSENDON FIELDS,1995,,50,51,101,0,0,0,50,51,101
1163,1164,ESSENDON FIELDS,1996,,45,46,91,0,0,0,45,46,91
1164,1165,ESSENDON FIELDS,1997,,309,310,619,0,0,0,309,310,619
1165,1166,ESSENDON FIELDS,1998,,297,295,592,0,0,0,297,295,592
1166,1167,ESSENDON FIELDS,1999,,209,209,418,0,0,0,209,209,418
1167,1168,ESSENDON FIELDS,2000,,145,145,290,0,0,0,145,145,290
1168,1169,ESSENDON FIELDS,2001,,301,301,602,0,0,0,301,301,602
1169,1170,ESSENDON FIELDS,2002,,750,750,1500,0,0,0,750,750,1500
1170,1171,ESSENDON FIELDS,2003,,525,523,1048,0,0,0,525,523,1048
1171,1172,ESSENDON FIELDS,2004,,1336,1275,2611,0,0,0,1336,1275,2611
1172,1173,ESSENDON FIELDS,2005,,1144,1147,2291,0,0,0,1144,1147,2291
1173,1174,ESSENDON FIELDS,2006,,1112,1112,2224,0,0,0,1112,1112,2224
1174,1175,ESSENDON FIELDS,2007,,751,591,1342,0,0,0,751,591,1342
1175,1176,ESSENDON FIELDS,2008,,751,751,1502,0,0,0,751,751,1502
1176,1177,ESSENDON FIELDS,2009,,788,788,1576,0,0,0,788,788,1576
1177,1178,ESSENDON FIELDS,2010,,1152,1148,2300,0,0,0,1152,1148,2300
1178,1179,ESSENDON FIELDS,2011,,1115,1107,2222,0,0,0,1115,1107,2222
1179,1180,ESSENDON FIELDS,2012,,819,849,1668,0,0,0,819,849,1668
1180,1181,ESSENDON FIELDS,2013,,811,827,1638,0,0,0,811,827,1638
1181,1182,ESSENDON FIELDS,2014,,786,779,1565,0,0,0,786,779,1565
1182,1183,ESSENDON FIELDS,2015,,1320,1321,2641,0,0,0,1320,1321,2641
1183,1184,ESSENDON FIELDS,2016,,1514,1514,3028,0,0,0,1514,1514,3028
1184,1185,ESSENDON FIELDS,2017,,1840,1841,3681,0,0,0,1840,1841,3681
1185,1186,ESSENDON FIELDS,2018,,1874,1870,3744,0,0,0,1874,1870,3744
1186,1187,ESSENDON FIELDS,2019,,2482,2362,4844,0,0,0,2482,2362,4844
1187,1188,ESSENDON FIELDS,2020,,1473,1463,2936,0,0,0,1473,1463,2936
1188,1189,FLINDERS ISLAND,1985,,1019,1035,2054,0,0,0,1019,1035,2054
1189,1190,FLINDERS ISLAND,1986,,990,973,1963,0,0,0,990,973,1963
1190,1191,FLINDERS ISLAND,1987,,1049,1053,2102,0,0,0,1049,1053,2102
1191,1192,FLINDERS ISLAND,1988,,1226,1204,2430,0,0,0,1226,1204,2430
1192,1193,FLINDERS ISLAND,1989,,1215,1204,2419,0,0,0,1215,1204,2419
1193,1194,FLINDERS ISLAND,1990,,1905,1917,3822,0,0,0,1905,1917,3822
1194,1195,FLINDERS ISLAND,1991,,2369,2339,4708,0,0,0,2369,2339,4708
1195,1196,FLINDERS ISLAND,1992,,2110,2118,4228,0,0,0,2110,2118,4228
1196,1197,FLINDERS ISLAND,1993,,2113,2110,4223,0,0,0,2113,2110,4223
1197,1198,FLINDERS ISLAND,1994,36,2588,2587,5175,0,0,0,2588,2587,5175
1198,1199,FLINDERS ISLAND,1995,,1454,1452,2906,0,0,0,1454,1452,2906
1199,1200,FLINDERS ISLAND,1996,,1508,1491,2999,0,0,0,1508,1491,2999
1200,1201,FLINDERS ISLAND,1997,,1993,1992,3985,0,0,0,1993,1992,3985
1201,1202,FLINDERS ISLAND,1998,,2061,2063,4124,0,0,0,2061,2063,4124
1202,1203,FLINDERS ISLAND,1999,,2028,2028,4056,0,0,0,2028,2028,4056
1203,1204,FLINDERS ISLAND,2000,,922,922,1844,0,0,0,922,922,1844
1204,1205,FLINDERS ISLAND,2001,,940,940,1880,0,0,0,940,940,1880
1205,1206,FLINDERS ISLAND,2002,,1042,1042,2084,0,0,0,1042,1042,2084
1206,1207,FLINDERS ISLAND,2003,,844,844,1688,0,0,0,844,844,1688
1207,1208,FLINDERS ISLAND,2004,,959,959,1918,0,0,0,959,959,1918
1208,1209,FLINDERS ISLAND,2005,,1045,1048,2093,0,0,0,1045,1048,2093
1209,1210,FLINDERS ISLAND,2006,,1263,1264,2527,0,0,0,1263,1264,2527
1210,1211,FLINDERS ISLAND,2007,,1878,1888,3766,0,0,0,1878,1888,3766
1211,1212,FLINDERS ISLAND,2008,,2063,2196,4259,0,0,0,2063,2196,4259
1212,1213,FLINDERS ISLAND,2009,,1683,1709,3392,0,0,0,1683,1709,3392
1213,1214,FLINDERS ISLAND,2010,,1502,1502,3004,0,0,0,1502,1502,3004
1214,1215,FLINDERS ISLAND,2011,,972,1008,1980,0,0,0,972,1008,1980
1215,1216,FLINDERS ISLAND,2012,,979,978,1957,0,0,0,979,978,1957
1216,1217,FLINDERS ISLAND,2013,,968,968,1936,0,0,0,968,968,1936
1217,1218,FLINDERS ISLAND,2014,,850,853,1703,0,0,0,850,853,1703
1218,1219,FLINDERS ISLAND,2015,,904,904,1808,0,0,0,904,904,1808
1219,1220,FLINDERS ISLAND,2016,,916,916,1832,0,0,0,916,916,1832
1220,1221,FLINDERS ISLAND,2017,,920,919,1839,0,0,0,920,919,1839
1221,1222,FLINDERS ISLAND,2018,,974,973,1947,0,0,0,974,973,1947
1222,1223,FLINDERS ISLAND,2019,,957,957,1914,0,0,0,957,957,1914
1223,1224,FLINDERS ISLAND,2020,,718,714,1432,0,0,0,718,714,1432
1224,1225,GERALDTON,1985,,2186,2192,4378,0,0,0,2186,2192,4378
1225,1226,GERALDTON,1986,,1857,1854,3711,0,0,0,1857,1854,3711
1226,1227,GERALDTON,1987,,1745,1746,3491,0,0,0,1745,1746,3491
1227,1228,GERALDTON,1988,,1241,1243,2484,0,0,0,1241,1243,2484
1228,1229,GERALDTON,1989,,1117,1115,2232,0,0,0,1117,1115,2232
1229,1230,GERALDTON,1990,,1428,1429,2857,0,0,0,1428,1429,2857
1230,1231,GERALDTON,1991,,1458,1455,2913,0,0,0,1458,1455,2913
1231,1232,GERALDTON,1992,,1475,1475,2950,0,0,0,1475,1475,2950
1232,1233,GERALDTON,1993,,1429,1427,2856,0,0,0,1429,1427,2856
1233,1234,GERALDTON,1994,,1510,1511,3021,0,0,0,1510,1511,3021
1234,1235,GERALDTON,1995,,1593,1589,3182,0,0,0,1593,1589,3182
1235,1236,GERALDTON,1996,,2019,2019,4038,0,0,0,2019,2019,4038
1236,1237,GERALDTON,1997,,1678,1666,3344,0,0,0,1678,1666,3344
1237,1238,GERALDTON,1998,,1479,1474,2953,0,0,0,1479,1474,2953
1238,1239,GERALDTON,1999,,1692,1658,3350,0,0,0,1692,1658,3350
1239,1240,GERALDTON,2000,,1729,1699,3428,0,0,0,1729,1699,3428
1240,1241,GERALDTON,2001,,1374,1367,2741,0,0,0,1374,1367,2741
1241,1242,GERALDTON,2002,,1199,1197,2396,0,0,0,1199,1197,2396
1242,1243,GERALDTON,2003,,1287,1288,2575,0,0,0,1287,1288,2575
1243,1244,GERALDTON,2004,,1554,1556,3110,0,0,0,1554,1556,3110
1244,1245,GERALDTON,2005,,1848,1842,3690,0,0,0,1848,1842,3690
1245,1246,GERALDTON,2006,,1727,1728,3455,0,0,0,1727,1728,3455
1246,1247,GERALDTON,2007,,1997,2002,3999,0,0,0,1997,2002,3999
1247,1248,GERALDTON,2008,,2140,2150,4290,0,0,0,2140,2150,4290
1248,1249,GERALDTON,2009,,1992,2007,3999,0,0,0,1992,2007,3999
1249,1250,GERALDTON,2010,,2053,2057,4110,0,0,0,2053,2057,4110
1250,1251,GERALDTON,2011,,1765,1761,3526,0,0,0,1765,1761,3526
1251,1252,GERALDTON,2012,,1925,1926,3851,0,0,0,1925,1926,3851
1252,1253,GERALDTON,2013,,1876,1913,3789,0,0,0,1876,1913,3789
1253,1254,GERALDTON,2014,,1797,1841,3638,0,0,0,1797,1841,3638
1254,1255,GERALDTON,2015,,1622,1675,3297,0,0,0,1622,1675,3297
1255,1256,GERALDTON,2016,,1246,1250,2496,0,0,0,1246,1250,2496
1256,1257,GERALDTON,2017,,1157,1152,2309,0,0,0,1157,1152,2309
1257,1258,GERALDTON,2018,,1104,1147,2251,0,0,0,1104,1147,2251
1258,1259,GERALDTON,2019,,858,856,1714,0,0,0,858,856,1714
1259,1260,GERALDTON,2020,,376,377,753,0,0,0,376,377,753
1260,1261,GLADSTONE,1985,,2463,2440,4903,0,0,0,2463,2440,4903
1261,1262,GLADSTONE,1986,,2293,2305,4598,0,0,0,2293,2305,4598
1262,1263,GLADSTONE,1987,27,2752,2710,5462,0,0,0,2752,2710,5462
1263,1264,GLADSTONE,1988,26,3024,3050,6074,0,0,0,3024,3050,6074
1264,1265,GLADSTONE,1989,22,3214,3142,6356,0,0,0,3214,3142,6356
1265,1266,GLADSTONE,1990,26,3113,3153,6266,0,0,0,3113,3153,6266
1266,1267,GLADSTONE,1991,19,4508,4529,9037,0,0,0,4508,4529,9037
1267,1268,GLADSTONE,1992,22,4208,4168,8376,0,0,0,4208,4168,8376
1268,1269,GLADSTONE,1993,23,4073,4065,8138,0,0,0,4073,4065,8138
1269,1270,GLADSTONE,1994,21,4198,4199,8397,0,0,0,4198,4199,8397
1270,1271,GLADSTONE,1995,24,3915,3919,7834,0,0,0,3915,3919,7834
1271,1272,GLADSTONE,1996,26,4002,4001,8003,0,0,0,4002,4001,8003
1272,1273,GLADSTONE,1997,24,3878,3871,7749,0,0,0,3878,3871,7749
1273,1274,GLADSTONE,1998,27,3603,3599,7202,0,0,0,3603,3599,7202
1274,1275,GLADSTONE,1999,28,3761,3755,7516,0,0,0,3761,3755,7516
1275,1276,GLADSTONE,2000,28,3594,3584,7178,0,0,0,3594,3584,7178
1276,1277,GLADSTONE,2001,32,2846,2844,5690,0,0,0,2846,2844,5690
1277,1278,GLADSTONE,2002,23,3104,3103,6207,0,0,0,3104,3103,6207
1278,1279,GLADSTONE,2003,25,2984,2991,5975,0,0,0,2984,2991,5975
1279,1280,GLADSTONE,2004,29,2746,2741,5487,0,0,0,2746,2741,5487
1280,1281,GLADSTONE,2005,28,2679,2674,5353,0,0,0,2679,2674,5353
1281,1282,GLADSTONE,2006,27,2725,2722,5447,0,0,0,2725,2722,5447
1282,1283,GLADSTONE,2007,29,2689,2685,5374,0,0,0,2689,2685,5374
1283,1284,GLADSTONE,2008,,2482,2481,4963,0,0,0,2482,2481,4963
1284,1285,GLADSTONE,2009,,2430,2430,4860,0,0,0,2430,2430,4860
1285,1286,GLADSTONE,2010,28,2569,2554,5123,0,0,0,2569,2554,5123
1286,1287,GLADSTONE,2011,23,3277,3274,6551,0,0,0,3277,3274,6551
1287,1288,GLADSTONE,2012,17,4449,4440,8889,0,0,0,4449,4440,8889
1288,1289,GLADSTONE,2013,16,5252,5244,10496,0,0,0,5252,5244,10496
1289,1290,GLADSTONE,2014,16,5201,5178,10379,0,0,0,5201,5178,10379
1290,1291,GLADSTONE,2015,16,4294,4243,8537,0,0,0,4294,4243,8537
1291,1292,GLADSTONE,2016,21,3611,3606,7217,0,0,0,3611,3606,7217
1292,1293,GLADSTONE,2017,29,2632,2625,5257,0,0,0,2632,2625,5257
1293,1294,GLADSTONE,2018,,2384,2373,4757,0,0,0,2384,2373,4757
1294,1295,GLADSTONE,2019,,2472,2469,4941,0,0,0,2472,2469,4941
1295,1296,GLADSTONE,2020,,1405,1405,2810,0,0,0,1405,1405,2810
1296,1297,GOLD COAST,1985,9,6818,6833,13651,0,0,0,6818,6833,13651
1297,1298,GOLD COAST,1986,9,7289,7294,14583,0,0,0,7289,7294,14583
1298,1299,GOLD COAST,1987,7,9333,9342,18675,0,0,0,9333,9342,18675
1299,1300,GOLD COAST,1988,6,10535,10535,21070,0,0,0,10535,10535,21070
1300,1301,GOLD COAST,1989,6,8875,8885,17760,0,0,0,8875,8885,17760
1301,1302,GOLD COAST,1990,7,9746,9761,19507,0,0,0,9746,9761,19507
1302,1303,GOLD COAST,1991,7,13310,13338,26648,0,0,0,13310,13338,26648
1303,1304,GOLD COAST,1992,8,12745,12760,25505,0,0,0,12745,12760,25505
1304,1305,GOLD COAST,1993,8,13617,13640,27257,0,0,0,13617,13640,27257
1305,1306,GOLD COAST,1994,8,13388,13395,26783,0,0,0,13388,13395,26783
1306,1307,GOLD COAST,1995,8,13198,13204,26402,0,0,0,13198,13204,26402
1307,1308,GOLD COAST,1996,8,13176,13173,26349,3,3,6,13179,13176,26355
1308,1309,GOLD COAST,1997,9,11197,11189,22386,72,72,144,11269,11261,22530
1309,1310,GOLD COAST,1998,9,11074,11070,22144,81,81,162,11155,11151,22306
1310,1311,GOLD COAST,1999,9,10871,10864,21735,78,78,156,10949,10942,21891
1311,1312,GOLD COAST,2000,9,10297,10294,20591,147,147,294,10444,10441,20885
1312,1313,GOLD COAST,2001,9,8946,8957,17903,224,223,447,9170,9180,18350
1313,1314,GOLD COAST,2002,8,9036,9018,18054,575,572,1147,9611,9590,19201
1314,1315,GOLD COAST,2003,8,8742,8749,17491,997,967,1964,9739,9716,19455
1315,1316,GOLD COAST,2004,8,11494,11513,23007,962,958,1920,12456,12471,24927
1316,1317,GOLD COAST,2005,8,12702,12682,25384,1305,1297,2602,14007,13979,27986
1317,1318,GOLD COAST,2006,8,12562,12542,25104,1052,1049,2101,13614,13591,27205
1318,1319,GOLD COAST,2007,8,13369,13277,26646,845,841,1686,14214,14118,28332
1319,1320,GOLD COAST,2008,8,15255,15168,30423,1290,1288,2578,16545,16456,33001
1320,1321,GOLD COAST,2009,8,14487,14468,28955,2075,2072,4147,16562,16540,33102
1321,1322,GOLD COAST,2010,8,16613,16584,33197,2243,2237,4480,18856,18821,37677
1322,1323,GOLD COAST,2011,8,16012,15973,31985,2018,2021,4039,18030,17994,36024
1323,1324,GOLD COAST,2012,8,16927,16904,33831,2230,2230,4460,19157,19134,38291
1324,1325,GOLD COAST,2013,8,17069,17039,34108,2287,2295,4582,19356,19334,38690
1325,1326,GOLD COAST,2014,8,17074,17052,34126,2322,2325,4647,19396,19377,38773
1326,1327,GOLD COAST,2015,7,17359,17335,34694,2573,2571,5144,19932,19906,39838
1327,1328,GOLD COAST,2016,7,17996,17979,35975,3250,3251,6501,21246,21230,42476
1328,1329,GOLD COAST,2017,7,17823,17796,35619,3332,3329,6661,21155,21125,42280
1329,1330,GOLD COAST,2018,7,17646,17625,35271,3089,3091,6180,20735,20716,41451
1330,1331,GOLD COAST,2019,7,17745,17719,35464,2523,2526,5049,20268,20245,40513
1331,1332,GOLD COAST,2020,10,5355,5357,10712,606,607,1213,5961,5964,11925
1332,1333,GOVE,1985,,1230,1260,2490,0,0,0,1230,1260,2490
1333,1334,GOVE,1986,,1208,1215,2423,0,0,0,1208,1215,2423
1334,1335,GOVE,1987,,1411,1406,2817,0,0,0,1411,1406,2817
1335,1336,GOVE,1988,,1472,1475,2947,0,0,0,1472,1475,2947
1336,1337,GOVE,1989,,1188,1188,2376,0,0,0,1188,1188,2376
1337,1338,GOVE,1990,,1627,1607,3234,0,0,0,1627,1607,3234
1338,1339,GOVE,1991,,1901,1908,3809,0,0,0,1901,1908,3809
1339,1340,GOVE,1992,,1941,1943,3884,0,0,0,1941,1943,3884
1340,1341,GOVE,1993,,1661,1668,3329,0,0,0,1661,1668,3329
1341,1342,GOVE,1994,,1738,1750,3488,0,0,0,1738,1750,3488
1342,1343,GOVE,1995,,2146,2166,4312,0,0,0,2146,2166,4312
1343,1344,GOVE,1996,38,2550,2549,5099,0,0,0,2550,2549,5099
1344,1345,GOVE,1997,,2468,2467,4935,0,0,0,2468,2467,4935
1345,1346,GOVE,1998,36,2556,2556,5112,0,0,0,2556,2556,5112
1346,1347,GOVE,1999,38,2640,2642,5282,0,0,0,2640,2642,5282
1347,1348,GOVE,2000,36,2659,2661,5320,0,0,0,2659,2661,5320
1348,1349,GOVE,2001,,2481,2484,4965,0,0,0,2481,2484,4965
1349,1350,GOVE,2002,,1918,1919,3837,0,0,0,1918,1919,3837
1350,1351,GOVE,2003,,2051,2051,4102,0,0,0,2051,2051,4102
1351,1352,GOVE,2004,,2266,2264,4530,0,0,0,2266,2264,4530
1352,1353,GOVE,2005,,1877,1888,3765,0,0,0,1877,1888,3765
1353,1354,GOVE,2006,,1727,1726,3453,0,0,0,1727,1726,3453
1354,1355,GOVE,2007,,1563,1557,3120,0,0,0,1563,1557,3120
1355,1356,GOVE,2008,,1615,1615,3230,0,0,0,1615,1615,3230
1356,1357,GOVE,2009,,1597,1601,3198,0,0,0,1597,1601,3198
1357,1358,GOVE,2010,,1356,1358,2714,0,0,0,1356,1358,2714
1358,1359,GOVE,2011,,1316,1317,2633,0,0,0,1316,1317,2633
1359,1360,GOVE,2012,,1355,1356,2711,0,0,0,1355,1356,2711
1360,1361,GOVE,2013,,1351,1351,2702,0,0,0,1351,1351,2702
1361,1362,GOVE,2014,,1171,1171,2342,0,0,0,1171,1171,2342
1362,1363,GOVE,2015,,946,946,1892,0,0,0,946,946,1892
1363,1364,GOVE,2016,,988,989,1977,0,0,0,988,989,1977
1364,1365,GOVE,2017,,1051,1055,2106,0,0,0,1051,1055,2106
1365,1366,GOVE,2018,,952,952,1904,0,0,0,952,952,1904
1366,1367,GOVE,2019,,956,955,1911,0,0,0,956,955,1911
1367,1368,GOVE,2020,,742,743,1485,0,0,0,742,743,1485
1368,1369,GRIFFITH,1985,,521,521,1042,0,0,0,521,521,1042
1369,1370,GRIFFITH,1986,,663,664,1327,0,0,0,663,664,1327
1370,1371,GRIFFITH,1987,,620,620,1240,0,0,0,620,620,1240
1371,1372,GRIFFITH,1988,,527,527,1054,0,0,0,527,527,1054
1372,1373,GRIFFITH,1989,,450,450,900,0,0,0,450,450,900
1373,1374,GRIFFITH,1990,,1159,1078,2237,0,0,0,1159,1078,2237
1374,1375,GRIFFITH,1991,,1202,1200,2402,0,0,0,1202,1200,2402
1375,1376,GRIFFITH,1992,,1209,1213,2422,0,0,0,1209,1213,2422
1376,1377,GRIFFITH,1993,,1034,1009,2043,0,0,0,1034,1009,2043
1377,1378,GRIFFITH,1994,,1168,1171,2339,0,0,0,1168,1171,2339
1378,1379,GRIFFITH,1995,,1150,1136,2286,0,0,0,1150,1136,2286
1379,1380,GRIFFITH,1996,,964,968,1932,0,0,0,964,968,1932
1380,1381,GRIFFITH,1997,,1155,1146,2301,0,0,0,1155,1146,2301
1381,1382,GRIFFITH,1998,,1435,1429,2864,0,0,0,1435,1429,2864
1382,1383,GRIFFITH,1999,,1365,1357,2722,0,0,0,1365,1357,2722
1383,1384,GRIFFITH,2000,,1377,1359,2736,0,0,0,1377,1359,2736
1384,1385,GRIFFITH,2001,,1387,1367,2754,0,0,0,1387,1367,2754
1385,1386,GRIFFITH,2002,,1525,1529,3054,0,0,0,1525,1529,3054
1386,1387,GRIFFITH,2003,,1605,1610,3215,0,0,0,1605,1610,3215
1387,1388,GRIFFITH,2004,,1741,1743,3484,0,0,0,1741,1743,3484
1388,1389,GRIFFITH,2005,,1618,1619,3237,0,0,0,1618,1619,3237
1389,1390,GRIFFITH,2006,,1445,1440,2885,0,0,0,1445,1440,2885
1390,1391,GRIFFITH,2007,,1823,1820,3643,0,0,0,1823,1820,3643
1391,1392,GRIFFITH,2008,,1521,1515,3036,0,0,0,1521,1515,3036
1392,1393,GRIFFITH,2009,,1549,1541,3090,0,0,0,1549,1541,3090
1393,1394,GRIFFITH,2010,,1801,1794,3595,0,0,0,1801,1794,3595
1394,1395,GRIFFITH,2011,,1845,1822,3667,0,0,0,1845,1822,3667
1395,1396,GRIFFITH,2012,,1764,1737,3501,0,0,0,1764,1737,3501
1396,1397,GRIFFITH,2013,,1622,1592,3214,0,0,0,1622,1592,3214
1397,1398,GRIFFITH,2014,,1892,1770,3662,0,0,0,1892,1770,3662
1398,1399,GRIFFITH,2015,,1892,1625,3517,0,0,0,1892,1625,3517
1399,1400,GRIFFITH,2016,,1780,1766,3546,0,0,0,1780,1766,3546
1400,1401,GRIFFITH,2017,,1886,1706,3592,0,0,0,1886,1706,3592
1401,1402,GRIFFITH,2018,,1988,1792,3780,0,0,0,1988,1792,3780
1402,1403,GRIFFITH,2019,,2556,2289,4845,0,0,0,2556,2289,4845
1403,1404,GRIFFITH,2020,,909,770,1679,0,0,0,909,770,1679
1404,1405,GROOTE EYLANDT,1985,,389,390,779,0,0,0,389,390,779
1405,1406,GROOTE EYLANDT,1986,,375,372,747,0,0,0,375,372,747
1406,1407,GROOTE EYLANDT,1987,,529,526,1055,0,0,0,529,526,1055
1407,1408,GROOTE EYLANDT,1988,,424,419,843,0,0,0,424,419,843
1408,1409,GROOTE EYLANDT,1989,,208,209,417,0,0,0,208,209,417
1409,1410,GROOTE EYLANDT,1990,,272,272,544,0,0,0,272,272,544
1410,1411,GROOTE EYLANDT,1991,,514,512,1026,0,0,0,514,512,1026
1411,1412,GROOTE EYLANDT,1992,,457,457,914,0,0,0,457,457,914
1412,1413,GROOTE EYLANDT,1993,,517,517,1034,0,0,0,517,517,1034
1413,1414,GROOTE EYLANDT,1994,,561,563,1124,0,0,0,561,563,1124
1414,1415,GROOTE EYLANDT,1995,,643,643,1286,0,0,0,643,643,1286
1415,1416,GROOTE EYLANDT,1996,,784,783,1567,0,0,0,784,783,1567
1416,1417,GROOTE EYLANDT,1997,,900,899,1799,0,0,0,900,899,1799
1417,1418,GROOTE EYLANDT,1998,,942,942,1884,0,0,0,942,942,1884
1418,1419,GROOTE EYLANDT,1999,,989,988,1977,0,0,0,989,988,1977
1419,1420,GROOTE EYLANDT,2000,,938,936,1874,0,0,0,938,936,1874
1420,1421,GROOTE EYLANDT,2001,,883,879,1762,0,0,0,883,879,1762
1421,1422,GROOTE EYLANDT,2002,,732,731,1463,0,0,0,732,731,1463
1422,1423,GROOTE EYLANDT,2003,,780,778,1558,0,0,0,780,778,1558
1423,1424,GROOTE EYLANDT,2004,,1048,1049,2097,0,0,0,1048,1049,2097
1424,1425,GROOTE EYLANDT,2005,,1061,1028,2089,0,0,0,1061,1028,2089
1425,1426,GROOTE EYLANDT,2006,,1348,1348,2696,0,0,0,1348,1348,2696
1426,1427,GROOTE EYLANDT,2007,,1496,1495,2991,0,0,0,1496,1495,2991
1427,1428,GROOTE EYLANDT,2008,,1446,1448,2894,0,0,0,1446,1448,2894
1428,1429,GROOTE EYLANDT,2009,,1513,1497,3010,0,0,0,1513,1497,3010
1429,1430,GROOTE EYLANDT,2010,,1406,1378,2784,0,0,0,1406,1378,2784
1430,1431,GROOTE EYLANDT,2011,,1353,1368,2721,0,0,0,1353,1368,2721
1431,1432,GROOTE EYLANDT,2012,,1438,1338,2776,0,0,0,1438,1338,2776
1432,1433,GROOTE EYLANDT,2013,,1451,1201,2652,0,0,0,1451,1201,2652
1433,1434,GROOTE EYLANDT,2014,,934,839,1773,0,0,0,934,839,1773
1434,1435,GROOTE EYLANDT,2015,,662,659,1321,0,0,0,662,659,1321
1435,1436,GROOTE EYLANDT,2016,,671,669,1340,0,0,0,671,669,1340
1436,1437,GROOTE EYLANDT,2017,,674,645,1319,0,0,0,674,645,1319
1437,1438,GROOTE EYLANDT,2018,,597,539,1136,0,0,0,597,539,1136
1438,1439,GROOTE EYLANDT,2019,,672,542,1214,0,0,0,672,542,1214
1439,1440,GROOTE EYLANDT,2020,,478,454,932,0,0,0,478,454,932
1440,1441,HAMILTON ISLAND,1985,,718,712,1430,0,0,0,718,712,1430
1441,1442,HAMILTON ISLAND,1986,,1021,1014,2035,0,0,0,1021,1014,2035
1442,1443,HAMILTON ISLAND,1987,,1450,1443,2893,0,0,0,1450,1443,2893
1443,1444,HAMILTON ISLAND,1988,,1637,1638,3275,0,0,0,1637,1638,3275
1444,1445,HAMILTON ISLAND,1989,,1169,1168,2337,0,0,0,1169,1168,2337
1445,1446,HAMILTON ISLAND,1990,,1364,1365,2729,0,0,0,1364,1365,2729
1446,1447,HAMILTON ISLAND,1991,,1618,1612,3230,0,0,0,1618,1612,3230
1447,1448,HAMILTON ISLAND,1992,,1475,1468,2943,0,0,0,1475,1468,2943
1448,1449,HAMILTON ISLAND,1993,,1782,1788,3570,0,0,0,1782,1788,3570
1449,1450,HAMILTON ISLAND,1994,,2148,2138,4286,0,0,0,2148,2138,4286
1450,1451,HAMILTON ISLAND,1995,,2184,2178,4362,0,0,0,2184,2178,4362
1451,1452,HAMILTON ISLAND,1996,,2009,2005,4014,0,0,0,2009,2005,4014
1452,1453,HAMILTON ISLAND,1997,,1893,1888,3781,0,0,0,1893,1888,3781
1453,1454,HAMILTON ISLAND,1998,,1885,1882,3767,0,0,0,1885,1882,3767
1454,1455,HAMILTON ISLAND,1999,,1884,1885,3769,0,0,0,1884,1885,3769
1455,1456,HAMILTON ISLAND,2000,,2394,2392,4786,0,0,0,2394,2392,4786
1456,1457,HAMILTON ISLAND,2001,,2325,2320,4645,0,0,0,2325,2320,4645
1457,1458,HAMILTON ISLAND,2002,,1949,1946,3895,0,0,0,1949,1946,3895
1458,1459,HAMILTON ISLAND,2003,,2243,2242,4485,0,0,0,2243,2242,4485
1459,1460,HAMILTON ISLAND,2004,,2236,2236,4472,0,0,0,2236,2236,4472
1460,1461,HAMILTON ISLAND,2005,,2162,2164,4326,0,0,0,2162,2164,4326
1461,1462,HAMILTON ISLAND,2006,,2298,2307,4605,0,0,0,2298,2307,4605
1462,1463,HAMILTON ISLAND,2007,,2263,2260,4523,0,0,0,2263,2260,4523
1463,1464,HAMILTON ISLAND,2008,,2055,2056,4111,0,0,0,2055,2056,4111
1464,1465,HAMILTON ISLAND,2009,,1986,1995,3981,0,0,0,1986,1995,3981
1465,1466,HAMILTON ISLAND,2010,,2134,2132,4266,0,0,0,2134,2132,4266
1466,1467,HAMILTON ISLAND,2011,,2070,2071,4141,0,0,0,2070,2071,4141
1467,1468,HAMILTON ISLAND,2012,,1909,1901,3810,0,0,0,1909,1901,3810
1468,1469,HAMILTON ISLAND,2013,,1978,1976,3954,0,0,0,1978,1976,3954
1469,1470,HAMILTON ISLAND,2014,,2108,2104,4212,0,0,0,2108,2104,4212
1470,1471,HAMILTON ISLAND,2015,,2169,2163,4332,0,0,0,2169,2163,4332
1471,1472,HAMILTON ISLAND,2016,29,2537,2536,5073,0,0,0,2537,2536,5073
1472,1473,HAMILTON ISLAND,2017,,2343,2354,4697,0,0,0,2343,2354,4697
1473,1474,HAMILTON ISLAND,2018,,2304,2301,4605,0,0,0,2304,2301,4605
1474,1475,HAMILTON ISLAND,2019,,2368,2363,4731,0,0,0,2368,2363,4731
1475,1476,HAMILTON ISLAND,2020,,971,975,1946,0,0,0,971,975,1946
1476,1477,HERVEY BAY,1985,,284,319,603,0,0,0,284,319,603
1477,1478,HERVEY BAY,1986,,298,338,636,0,0,0,298,338,636
1478,1479,HERVEY BAY,1987,,743,717,1460,0,0,0,743,717,1460
1479,1480,HERVEY BAY,1988,,969,1019,1988,0,0,0,969,1019,1988
1480,1481,HERVEY BAY,1989,,901,956,1857,0,0,0,901,956,1857
1481,1482,HERVEY BAY,1990,,984,1081,2065,0,0,0,984,1081,2065
1482,1483,HERVEY BAY,1991,,1095,1095,2190,0,0,0,1095,1095,2190
1483,1484,HERVEY BAY,1992,,1692,1690,3382,0,0,0,1692,1690,3382
1484,1485,HERVEY BAY,1993,,2358,2312,4670,0,0,0,2358,2312,4670
1485,1486,HERVEY BAY,1994,,2344,2344,4688,0,0,0,2344,2344,4688
1486,1487,HERVEY BAY,1995,,1850,1842,3692,0,0,0,1850,1842,3692
1487,1488,HERVEY BAY,1996,,1804,1812,3616,0,0,0,1804,1812,3616
1488,1489,HERVEY BAY,1997,,1764,1769,3533,0,0,0,1764,1769,3533
1489,1490,HERVEY BAY,1998,,1745,1735,3480,0,0,0,1745,1735,3480
1490,1491,HERVEY BAY,1999,,1777,1777,3554,0,0,0,1777,1777,3554
1491,1492,HERVEY BAY,2000,,1833,1836,3669,0,0,0,1833,1836,3669
1492,1493,HERVEY BAY,2001,,1906,1904,3810,0,0,0,1906,1904,3810
1493,1494,HERVEY BAY,2002,,1130,1138,2268,0,0,0,1130,1138,2268
1494,1495,HERVEY BAY,2003,,1046,1065,2111,0,0,0,1046,1065,2111
1495,1496,HERVEY BAY,2004,,1166,1211,2377,0,0,0,1166,1211,2377
1496,1497,HERVEY BAY,2005,,1484,1479,2963,0,0,0,1484,1479,2963
1497,1498,HERVEY BAY,2006,,2006,1901,3907,0,0,0,2006,1901,3907
1498,1499,HERVEY BAY,2007,,1527,1525,3052,0,0,0,1527,1525,3052
1499,1500,HERVEY BAY,2008,,1666,1671,3337,0,0,0,1666,1671,3337
1500,1501,HERVEY BAY,2009,,1529,1531,3060,0,0,0,1529,1531,3060
1501,1502,HERVEY BAY,2010,,1459,1460,2919,0,0,0,1459,1460,2919
1502,1503,HERVEY BAY,2011,,1471,1466,2937,0,0,0,1471,1466,2937
1503,1504,HERVEY BAY,2012,,1487,1483,2970,0,0,0,1487,1483,2970
1504,1505,HERVEY BAY,2013,,1504,1502,3006,0,0,0,1504,1502,3006
1505,1506,HERVEY BAY,2014,,1720,1716,3436,0,0,0,1720,1716,3436
1506,1507,HERVEY BAY,2015,,1806,1808,3614,0,0,0,1806,1808,3614
1507,1508,HERVEY BAY,2016,,1749,1747,3496,0,0,0,1749,1747,3496
1508,1509,HERVEY BAY,2017,,1598,1595,3193,0,0,0,1598,1595,3193
1509,1510,HERVEY BAY,2018,,1370,1370,2740,0,0,0,1370,1370,2740
1510,1511,HERVEY BAY,2019,,1483,1483,2966,0,0,0,1483,1483,2966
1511,1512,HERVEY BAY,2020,,471,469,940,0,0,0,471,469,940
1512,1513,HOBART,1985,11,5496,5632,11128,97,97,194,5593,5729,11322
1513,1514,HOBART,1986,12,5728,5835,11563,143,143,286,5871,5978,11849
1514,1515,HOBART,1987,12,5871,5935,11806,120,120,240,5991,6055,12046
1515,1516,HOBART,1988,13,5090,5164,10254,124,124,248,5214,5288,10502
1516,1517,HOBART,1989,14,4302,4289,8591,179,178,357,4481,4467,8948
1517,1518,HOBART,1990,11,4573,4402,8975,168,166,334,4741,4568,9309
1518,1519,HOBART,1991,12,5358,5194,10552,79,80,159,5437,5274,10711
1519,1520,HOBART,1992,14,5097,5091,10188,56,56,112,5153,5147,10300
1520,1521,HOBART,1993,15,5708,5746,11454,58,58,116,5766,5804,11570
1521,1522,HOBART,1994,16,5916,5922,11838,52,52,104,5968,5974,11942
1522,1523,HOBART,1995,16,5819,5799,11618,51,51,102,5870,5850,11720
1523,1524,HOBART,1996,17,5347,5360,10707,34,34,68,5381,5394,10775
1524,1525,HOBART,1997,21,4245,4252,8497,26,26,52,4271,4278,8549
1525,1526,HOBART,1998,21,4843,4835,9678,17,17,34,4860,4852,9712
1526,1527,HOBART,1999,21,4840,4838,9678,0,0,0,4840,4838,9678
1527,1528,HOBART,2000,12,6566,6560,13126,0,0,0,6566,6560,13126
1528,1529,HOBART,2001,11,7360,7352,14712,0,0,0,7360,7352,14712
1529,1530,HOBART,2002,12,5547,5550,11097,0,0,0,5547,5550,11097
1530,1531,HOBART,2003,11,5846,5849,11695,0,0,0,5846,5849,11695
1531,1532,HOBART,2004,11,7393,7368,14761,0,0,0,7393,7368,14761
1532,1533,HOBART,2005,11,7703,7665,15368,0,0,0,7703,7665,15368
1533,1534,HOBART,2006,12,6872,6848,13720,0,0,0,6872,6848,13720
1534,1535,HOBART,2007,12,6894,6859,13753,0,0,0,6894,6859,13753
1535,1536,HOBART,2008,12,7616,7598,15214,0,0,0,7616,7598,15214
1536,1537,HOBART,2009,11,7308,7306,14614,0,0,0,7308,7306,14614
1537,1538,HOBART,2010,11,8053,7893,15946,0,0,0,8053,7893,15946
1538,1539,HOBART,2011,11,7691,7485,15176,0,0,0,7691,7485,15176
1539,1540,HOBART,2012,12,7812,7620,15432,0,0,0,7812,7620,15432
1540,1541,HOBART,2013,12,8370,8194,16564,0,0,0,8370,8194,16564
1541,1542,HOBART,2014,11,8518,8343,16861,0,0,0,8518,8343,16861
1542,1543,HOBART,2015,11,8875,8681,17556,0,0,0,8875,8681,17556
1543,1544,HOBART,2016,11,9496,9265,18761,0,0,0,9496,9265,18761
1544,1545,HOBART,2017,11,9564,9383,18947,0,0,0,9564,9383,18947
1545,1546,HOBART,2018,11,9803,9674,19477,0,0,0,9803,9674,19477
1546,1547,HOBART,2019,11,10156,10112,20268,0,0,0,10156,10112,20268
1547,1548,HOBART,2020,12,4066,4045,8111,5,5,10,4071,4050,8121
1548,1549,KALGOORLIE,1985,,2161,2159,4320,0,0,0,2161,2159,4320
1549,1550,KALGOORLIE,1986,,2480,2476,4956,0,0,0,2480,2476,4956
1550,1551,KALGOORLIE,1987,,2283,2265,4548,0,0,0,2283,2265,4548
1551,1552,KALGOORLIE,1988,,2234,2206,4440,0,0,0,2234,2206,4440
1552,1553,KALGOORLIE,1989,,1788,1792,3580,0,0,0,1788,1792,3580
1553,1554,KALGOORLIE,1990,,1769,1778,3547,0,0,0,1769,1778,3547
1554,1555,KALGOORLIE,1991,,1699,1689,3388,0,0,0,1699,1689,3388
1555,1556,KALGOORLIE,1992,,1686,1709,3395,0,0,0,1686,1709,3395
1556,1557,KALGOORLIE,1993,,1680,1677,3357,0,0,0,1680,1677,3357
1557,1558,KALGOORLIE,1994,,2201,2210,4411,0,0,0,2201,2210,4411
1558,1559,KALGOORLIE,1995,,2414,2411,4825,0,0,0,2414,2411,4825
1559,1560,KALGOORLIE,1996,,2296,2288,4584,0,0,0,2296,2288,4584
1560,1561,KALGOORLIE,1997,,2362,2349,4711,0,0,0,2362,2349,4711
1561,1562,KALGOORLIE,1998,,2356,2356,4712,0,0,0,2356,2356,4712
1562,1563,KALGOORLIE,1999,,2311,2306,4617,0,0,0,2311,2306,4617
1563,1564,KALGOORLIE,2000,,2394,2388,4782,0,0,0,2394,2388,4782
1564,1565,KALGOORLIE,2001,,1871,1869,3740,0,0,0,1871,1869,3740
1565,1566,KALGOORLIE,2002,,1652,1651,3303,0,0,0,1652,1651,3303
1566,1567,KALGOORLIE,2003,,1484,1485,2969,0,0,0,1484,1485,2969
1567,1568,KALGOORLIE,2004,,1556,1555,3111,0,0,0,1556,1555,3111
1568,1569,KALGOORLIE,2005,,1620,1617,3237,0,0,0,1620,1617,3237
1569,1570,KALGOORLIE,2006,,1446,1444,2890,0,0,0,1446,1444,2890
1570,1571,KALGOORLIE,2007,,1380,1374,2754,0,0,0,1380,1374,2754
1571,1572,KALGOORLIE,2008,,1591,1582,3173,0,0,0,1591,1582,3173
1572,1573,KALGOORLIE,2009,,1456,1457,2913,0,0,0,1456,1457,2913
1573,1574,KALGOORLIE,2010,,1377,1380,2757,0,0,0,1377,1380,2757
1574,1575,KALGOORLIE,2011,,1444,1438,2882,0,0,0,1444,1438,2882
1575,1576,KALGOORLIE,2012,,1635,1632,3267,0,0,0,1635,1632,3267
1576,1577,KALGOORLIE,2013,,1895,1886,3781,0,0,0,1895,1886,3781
1577,1578,KALGOORLIE,2014,,1795,1786,3581,0,0,0,1795,1786,3581
1578,1579,KALGOORLIE,2015,,1732,1732,3464,0,0,0,1732,1732,3464
1579,1580,KALGOORLIE,2016,,1765,1763,3528,0,0,0,1765,1763,3528
1580,1581,KALGOORLIE,2017,,1777,1775,3552,0,0,0,1777,1775,3552
1581,1582,KALGOORLIE,2018,,1884,1884,3768,0,0,0,1884,1884,3768
1582,1583,KALGOORLIE,2019,,2023,2011,4034,0,0,0,2023,2011,4034
1583,1584,KALGOORLIE,2020,,1144,1141,2285,0,0,0,1144,1141,2285
1584,1585,KARRATHA,1985,25,3088,3215,6303,0,0,0,3088,3215,6303
1585,1586,KARRATHA,1986,29,2762,2784,5546,0,0,0,2762,2784,5546
1586,1587,KARRATHA,1987,31,2598,2671,5269,0,0,0,2598,2671,5269
1587,1588,KARRATHA,1988,,2249,2305,4554,0,0,0,2249,2305,4554
1588,1589,KARRATHA,1989,,1605,1633,3238,0,0,0,1605,1633,3238
1589,1590,KARRATHA,1990,,1656,1714,3370,0,0,0,1656,1714,3370
1590,1591,KARRATHA,1991,,1772,1745,3517,0,0,0,1772,1745,3517
1591,1592,KARRATHA,1992,,1860,1864,3724,0,0,0,1860,1864,3724
1592,1593,KARRATHA,1993,,1909,1945,3854,0,0,0,1909,1945,3854
1593,1594,KARRATHA,1994,,2178,2220,4398,0,0,0,2178,2220,4398
1594,1595,KARRATHA,1995,,2404,2439,4843,0,0,0,2404,2439,4843
1595,1596,KARRATHA,1996,37,2621,2616,5237,0,0,0,2621,2616,5237
1596,1597,KARRATHA,1997,,2452,2447,4899,0,0,0,2452,2447,4899
1597,1598,KARRATHA,1998,,2369,2366,4735,0,0,0,2369,2366,4735
1598,1599,KARRATHA,1999,,1997,1996,3993,0,0,0,1997,1996,3993
1599,1600,KARRATHA,2000,,2222,2213,4435,0,0,0,2222,2213,4435
1600,1601,KARRATHA,2001,,2075,2066,4141,0,0,0,2075,2066,4141
1601,1602,KARRATHA,2002,,1557,1557,3114,0,0,0,1557,1557,3114
1602,1603,KARRATHA,2003,,1382,1379,2761,0,0,0,1382,1379,2761
1603,1604,KARRATHA,2004,,1621,1620,3241,0,0,0,1621,1620,3241
1604,1605,KARRATHA,2005,,1752,1745,3497,0,0,0,1752,1745,3497
1605,1606,KARRATHA,2006,,1599,1589,3188,0,0,0,1599,1589,3188
1606,1607,KARRATHA,2007,,1583,1584,3167,0,0,0,1583,1584,3167
1607,1608,KARRATHA,2008,,2330,2322,4652,0,0,0,2330,2322,4652
1608,1609,KARRATHA,2009,21,3175,3172,6347,0,0,0,3175,3172,6347
1609,1610,KARRATHA,2010,20,3589,3608,7197,0,0,0,3589,3608,7197
1610,1611,KARRATHA,2011,17,4033,4006,8039,0,0,0,4033,4006,8039
1611,1612,KARRATHA,2012,16,4463,4451,8914,0,0,0,4463,4451,8914
1612,1613,KARRATHA,2013,17,4448,4427,8875,0,0,0,4448,4427,8875
1613,1614,KARRATHA,2014,17,4253,4256,8509,0,0,0,4253,4256,8509
1614,1615,KARRATHA,2015,17,4010,3981,7991,0,0,0,4010,3981,7991
1615,1616,KARRATHA,2016,23,3600,3544,7144,0,0,0,3600,3544,7144
1616,1617,KARRATHA,2017,24,3128,3093,6221,0,0,0,3128,3093,6221
1617,1618,KARRATHA,2018,24,2995,2980,5975,0,0,0,2995,2980,5975
1618,1619,KARRATHA,2019,24,2996,2980,5976,0,0,0,2996,2980,5976
1619,1620,KARRATHA,2020,,1736,1727,3463,0,0,0,1736,1727,3463
1620,1621,KING ISLAND,1985,,1231,1212,2443,0,0,0,1231,1212,2443
1621,1622,KING ISLAND,1986,,1111,1106,2217,0,0,0,1111,1106,2217
1622,1623,KING ISLAND,1987,,2065,2065,4130,0,0,0,2065,2065,4130
1623,1624,KING ISLAND,1988,32,2649,2598,5247,0,0,0,2649,2598,5247
1624,1625,KING ISLAND,1989,30,2641,2625,5266,0,0,0,2641,2625,5266
1625,1626,KING ISLAND,1990,29,2689,2658,5347,0,0,0,2689,2658,5347
1626,1627,KING ISLAND,1991,33,2831,2826,5657,0,0,0,2831,2826,5657
1627,1628,KING ISLAND,1992,32,2743,2727,5470,0,0,0,2743,2727,5470
1628,1629,KING ISLAND,1993,30,2996,2986,5982,0,0,0,2996,2986,5982
1629,1630,KING ISLAND,1994,31,3065,3058,6123,0,0,0,3065,3058,6123
1630,1631,KING ISLAND,1995,32,3080,3075,6155,0,0,0,3080,3075,6155
1631,1632,KING ISLAND,1996,35,2838,2829,5667,0,0,0,2838,2829,5667
1632,1633,KING ISLAND,1997,35,3034,3035,6069,0,0,0,3034,3035,6069
1633,1634,KING ISLAND,1998,28,3601,3601,7202,0,0,0,3601,3601,7202
1634,1635,KING ISLAND,1999,35,2953,2953,5906,0,0,0,2953,2953,5906
1635,1636,KING ISLAND,2000,,1812,1812,3624,0,0,0,1812,1812,3624
1636,1637,KING ISLAND,2001,,1748,1748,3496,0,0,0,1748,1748,3496
1637,1638,KING ISLAND,2002,,1307,1311,2618,0,0,0,1307,1311,2618
1638,1639,KING ISLAND,2003,,1208,1211,2419,0,0,0,1208,1211,2419
1639,1640,KING ISLAND,2004,,2009,2009,4018,0,0,0,2009,2009,4018
1640,1641,KING ISLAND,2005,,1626,1625,3251,0,0,0,1626,1625,3251
1641,1642,KING ISLAND,2006,,1636,1636,3272,0,0,0,1636,1636,3272
1642,1643,KING ISLAND,2007,,1650,1650,3300,0,0,0,1650,1650,3300
1643,1644,KING ISLAND,2008,,1658,1658,3316,0,0,0,1658,1658,3316
1644,1645,KING ISLAND,2009,,1634,1634,3268,0,0,0,1634,1634,3268
1645,1646,KING ISLAND,2010,,1635,1635,3270,0,0,0,1635,1635,3270
1646,1647,KING ISLAND,2011,,1763,1762,3525,0,0,0,1763,1762,3525
1647,1648,KING ISLAND,2012,,1939,1942,3881,0,0,0,1939,1942,3881
1648,1649,KING ISLAND,2013,,2085,2093,4178,0,0,0,2085,2093,4178
1649,1650,KING ISLAND,2014,,2056,2050,4106,0,0,0,2056,2050,4106
1650,1651,KING ISLAND,2015,,2151,2151,4302,0,0,0,2151,2151,4302
1651,1652,KING ISLAND,2016,,2435,2435,4870,0,0,0,2435,2435,4870
1652,1653,KING ISLAND,2017,28,2637,2635,5272,0,0,0,2637,2635,5272
1653,1654,KING ISLAND,2018,26,2667,2677,5344,0,0,0,2667,2677,5344
1654,1655,KING ISLAND,2019,26,2795,2795,5590,0,0,0,2795,2795,5590
1655,1656,KING ISLAND,2020,16,2522,2520,5042,0,0,0,2522,2520,5042
1656,1657,KINGSCOTE,1985,17,5154,5279,10433,0,0,0,5154,5279,10433
1657,1658,KINGSCOTE,1986,15,5729,5731,11460,0,0,0,5729,5731,11460
1658,1659,KINGSCOTE,1987,22,3742,3783,7525,0,0,0,3742,3783,7525
1659,1660,KINGSCOTE,1988,21,3636,3634,7270,0,0,0,3636,3634,7270
1660,1661,KINGSCOTE,1989,31,2620,2591,5211,0,0,0,2620,2591,5211
1661,1662,KINGSCOTE,1990,,1322,1269,2591,0,0,0,1322,1269,2591
1662,1663,KINGSCOTE,1991,29,3023,2985,6008,0,0,0,3023,2985,6008
1663,1664,KINGSCOTE,1992,19,4426,4743,9169,0,0,0,4426,4743,9169
1664,1665,KINGSCOTE,1993,26,3692,3707,7399,0,0,0,3692,3707,7399
1665,1666,KINGSCOTE,1994,22,4171,4172,8343,0,0,0,4171,4172,8343
1666,1667,KINGSCOTE,1995,20,4679,4730,9409,0,0,0,4679,4730,9409
1667,1668,KINGSCOTE,1996,21,4574,4576,9150,0,0,0,4574,4576,9150
1668,1669,KINGSCOTE,1997,18,5313,5312,10625,0,0,0,5313,5312,10625
1669,1670,KINGSCOTE,1998,15,5862,5870,11732,0,0,0,5862,5870,11732
1670,1671,KINGSCOTE,1999,17,5034,5036,10070,0,0,0,5034,5036,10070
1671,1672,KINGSCOTE,2000,23,4312,4313,8625,0,0,0,4312,4313,8625
1672,1673,KINGSCOTE,2001,21,4179,4169,8348,0,0,0,4179,4169,8348
1673,1674,KINGSCOTE,2002,16,4261,4259,8520,0,0,0,4261,4259,8520
1674,1675,KINGSCOTE,2003,20,3346,3346,6692,0,0,0,3346,3346,6692
1675,1676,KINGSCOTE,2004,21,3465,3459,6924,0,0,0,3465,3459,6924
1676,1677,KINGSCOTE,2005,,2452,2443,4895,0,0,0,2452,2443,4895
1677,1678,KINGSCOTE,2006,,1439,1439,2878,0,0,0,1439,1439,2878
1678,1679,KINGSCOTE,2007,25,2971,2972,5943,0,0,0,2971,2972,5943
1679,1680,KINGSCOTE,2008,27,2519,2518,5037,0,0,0,2519,2518,5037
1680,1681,KINGSCOTE,2009,,2181,2184,4365,0,0,0,2181,2184,4365
1681,1682,KINGSCOTE,2010,,1204,1205,2409,0,0,0,1204,1205,2409
1682,1683,KINGSCOTE,2011,,1135,1136,2271,0,0,0,1135,1136,2271
1683,1684,KINGSCOTE,2012,,1098,1100,2198,0,0,0,1098,1100,2198
1684,1685,KINGSCOTE,2013,,1092,1096,2188,0,0,0,1092,1096,2188
1685,1686,KINGSCOTE,2014,,1068,1067,2135,0,0,0,1068,1067,2135
1686,1687,KINGSCOTE,2015,,1068,1067,2135,0,0,0,1068,1067,2135
1687,1688,KINGSCOTE,2016,,1076,1076,2152,0,0,0,1076,1076,2152
1688,1689,KINGSCOTE,2017,,1023,1021,2044,0,0,0,1023,1021,2044
1689,1690,KINGSCOTE,2018,,1137,1137,2274,0,0,0,1137,1137,2274
1690,1691,KINGSCOTE,2019,,1139,1139,2278,0,0,0,1139,1139,2278
1691,1692,KINGSCOTE,2020,,446,446,892,0,0,0,446,446,892
1692,1693,KOWANYAMA,1985,,318,318,636,0,0,0,318,318,636
1693,1694,KOWANYAMA,1986,,305,305,610,0,0,0,305,305,610
1694,1695,KOWANYAMA,1987,,237,237,474,0,0,0,237,237,474
1695,1696,KOWANYAMA,1988,,0,0,0,0,0,0,0,0,0
1696,1697,KOWANYAMA,1989,,0,0,0,0,0,0,0,0,0
1697,1698,KOWANYAMA,1990,,79,100,179,0,0,0,79,100,179
1698,1699,KOWANYAMA,1991,,269,255,524,0,0,0,269,255,524
1699,1700,KOWANYAMA,1992,,230,234,464,0,0,0,230,234,464
1700,1701,KOWANYAMA,1993,,230,230,460,0,0,0,230,230,460
1701,1702,KOWANYAMA,1994,,248,248,496,0,0,0,248,248,496
1702,1703,KOWANYAMA,1995,,299,299,598,0,0,0,299,299,598
1703,1704,KOWANYAMA,1996,,277,277,554,0,0,0,277,277,554
1704,1705,KOWANYAMA,1997,,261,261,522,0,0,0,261,261,522
1705,1706,KOWANYAMA,1998,,261,261,522,0,0,0,261,261,522
1706,1707,KOWANYAMA,1999,,261,261,522,0,0,0,261,261,522
1707,1708,KOWANYAMA,2000,,260,260,520,0,0,0,260,260,520
1708,1709,KOWANYAMA,2001,,237,237,474,0,0,0,237,237,474
1709,1710,KOWANYAMA,2002,,210,210,420,0,0,0,210,210,420
1710,1711,KOWANYAMA,2003,,246,246,492,0,0,0,246,246,492
1711,1712,KOWANYAMA,2004,,262,262,524,0,0,0,262,262,524
1712,1713,KOWANYAMA,2005,,334,334,668,0,0,0,334,334,668
1713,1714,KOWANYAMA,2006,,350,351,701,0,0,0,350,351,701
1714,1715,KOWANYAMA,2007,,208,208,416,0,0,0,208,208,416
1715,1716,KOWANYAMA,2008,,197,204,401,0,0,0,197,204,401
1716,1717,KOWANYAMA,2009,,221,222,443,0,0,0,221,222,443
1717,1718,KOWANYAMA,2010,,208,208,416,0,0,0,208,208,416
1718,1719,KOWANYAMA,2011,,205,205,410,0,0,0,205,205,410
1719,1720,KOWANYAMA,2012,,219,219,438,0,0,0,219,219,438
1720,1721,KOWANYAMA,2013,,194,194,388,0,0,0,194,194,388
1721,1722,KOWANYAMA,2014,,195,195,390,0,0,0,195,195,390
1722,1723,KOWANYAMA,2015,,477,512,989,0,0,0,477,512,989
1723,1724,KOWANYAMA,2016,,683,686,1369,0,0,0,683,686,1369
1724,1725,KOWANYAMA,2017,,572,568,1140,0,0,0,572,568,1140
1725,1726,KOWANYAMA,2018,,634,630,1264,0,0,0,634,630,1264
1726,1727,KOWANYAMA,2019,,613,609,1222,0,0,0,613,609,1222
1727,1728,KOWANYAMA,2020,,274,274,548,0,0,0,274,274,548
1728,1729,KUNUNURRA,1985,,1132,1106,2238,0,0,0,1132,1106,2238
1729,1730,KUNUNURRA,1986,,927,912,1839,0,0,0,927,912,1839
1730,1731,KUNUNURRA,1987,,942,943,1885,0,0,0,942,943,1885
1731,1732,KUNUNURRA,1988,,1103,1099,2202,0,0,0,1103,1099,2202
1732,1733,KUNUNURRA,1989,,893,894,1787,0,0,0,893,894,1787
1733,1734,KUNUNURRA,1990,,1106,1102,2208,0,0,0,1106,1102,2208
1734,1735,KUNUNURRA,1991,,1098,1075,2173,0,0,0,1098,1075,2173
1735,1736,KUNUNURRA,1992,,1107,1095,2202,0,0,0,1107,1095,2202
1736,1737,KUNUNURRA,1993,,1209,1212,2421,0,0,0,1209,1212,2421
1737,1738,KUNUNURRA,1994,,1537,1537,3074,0,0,0,1537,1537,3074
1738,1739,KUNUNURRA,1995,,1981,1981,3962,0,0,0,1981,1981,3962
1739,1740,KUNUNURRA,1996,,1997,1996,3993,0,0,0,1997,1996,3993
1740,1741,KUNUNURRA,1997,,1294,1301,2595,0,0,0,1294,1301,2595
1741,1742,KUNUNURRA,1998,,1242,1241,2483,0,0,0,1242,1241,2483
1742,1743,KUNUNURRA,1999,,1093,1094,2187,0,0,0,1093,1094,2187
1743,1744,KUNUNURRA,2000,,1129,1125,2254,0,0,0,1129,1125,2254
1744,1745,KUNUNURRA,2001,,1083,1083,2166,0,0,0,1083,1083,2166
1745,1746,KUNUNURRA,2002,,1272,1275,2547,0,0,0,1272,1275,2547
1746,1747,KUNUNURRA,2003,,1273,1266,2539,0,0,0,1273,1266,2539
1747,1748,KUNUNURRA,2004,,1387,1384,2771,0,0,0,1387,1384,2771
1748,1749,KUNUNURRA,2005,,1217,1216,2433,0,0,0,1217,1216,2433
1749,1750,KUNUNURRA,2006,,1485,1490,2975,0,0,0,1485,1490,2975
1750,1751,KUNUNURRA,2007,,1443,1460,2903,0,0,0,1443,1460,2903
1751,1752,KUNUNURRA,2008,,1295,1293,2588,0,0,0,1295,1293,2588
1752,1753,KUNUNURRA,2009,,1295,1293,2588,0,0,0,1295,1293,2588
1753,1754,KUNUNURRA,2010,,1170,1161,2331,0,0,0,1170,1161,2331
1754,1755,KUNUNURRA,2011,,1117,1120,2237,0,0,0,1117,1120,2237
1755,1756,KUNUNURRA,2012,,1175,1176,2351,0,0,0,1175,1176,2351
1756,1757,KUNUNURRA,2013,,1205,1205,2410,0,0,0,1205,1205,2410
1757,1758,KUNUNURRA,2014,,1077,1077,2154,0,0,0,1077,1077,2154
1758,1759,KUNUNURRA,2015,,1082,1083,2165,0,0,0,1082,1083,2165
1759,1760,KUNUNURRA,2016,,1068,1071,2139,0,0,0,1068,1071,2139
1760,1761,KUNUNURRA,2017,,1041,1042,2083,0,0,0,1041,1042,2083
1761,1762,KUNUNURRA,2018,,987,985,1972,0,0,0,987,985,1972
1762,1763,KUNUNURRA,2019,,1064,1065,2129,0,0,0,1064,1065,2129
1763,1764,KUNUNURRA,2020,,698,700,1398,0,0,0,698,700,1398
1764,1765,LAUNCESTON,1985,8,7514,7436,14950,0,0,0,7514,7436,14950
1765,1766,LAUNCESTON,1986,8,7631,7516,15147,0,0,0,7631,7516,15147
1766,1767,LAUNCESTON,1987,10,7670,7583,15253,0,0,0,7670,7583,15253
1767,1768,LAUNCESTON,1988,10,7997,7914,15911,0,0,0,7997,7914,15911
1768,1769,LAUNCESTON,1989,10,6246,6246,12492,0,0,0,6246,6246,12492
1769,1770,LAUNCESTON,1990,9,7450,7639,15089,0,0,0,7450,7639,15089
1770,1771,LAUNCESTON,1991,10,7126,7413,14539,0,0,0,7126,7413,14539
1771,1772,LAUNCESTON,1992,10,7257,7274,14531,0,0,0,7257,7274,14531
1772,1773,LAUNCESTON,1993,12,6720,6700,13420,0,0,0,6720,6700,13420
1773,1774,LAUNCESTON,1994,11,6857,6869,13726,0,0,0,6857,6869,13726
1774,1775,LAUNCESTON,1995,14,6298,6337,12635,0,0,0,6298,6337,12635
1775,1776,LAUNCESTON,1996,16,6056,6088,12144,0,0,0,6056,6088,12144
1776,1777,LAUNCESTON,1997,15,5961,5963,11924,0,0,0,5961,5963,11924
1777,1778,LAUNCESTON,1998,16,5730,5730,11460,0,0,0,5730,5730,11460
1778,1779,LAUNCESTON,1999,15,5448,5454,10902,0,0,0,5448,5454,10902
1779,1780,LAUNCESTON,2000,15,6208,6205,12413,0,0,0,6208,6205,12413
1780,1781,LAUNCESTON,2001,14,5579,5581,11160,0,0,0,5579,5581,11160
1781,1782,LAUNCESTON,2002,18,3842,3838,7680,0,0,0,3842,3838,7680
1782,1783,LAUNCESTON,2003,17,3836,3836,7672,0,0,0,3836,3836,7672
1783,1784,LAUNCESTON,2004,14,5034,4994,10028,0,0,0,5034,4994,10028
1784,1785,LAUNCESTON,2005,14,5757,5717,11474,0,0,0,5757,5717,11474
1785,1786,LAUNCESTON,2006,14,5744,5682,11426,0,0,0,5744,5682,11426
1786,1787,LAUNCESTON,2007,13,6315,6237,12552,0,0,0,6315,6237,12552
1787,1788,LAUNCESTON,2008,13,6517,6490,13007,0,0,0,6517,6490,13007
1788,1789,LAUNCESTON,2009,13,6405,6420,12825,0,0,0,6405,6420,12825
1789,1790,LAUNCESTON,2010,15,6849,6856,13705,0,0,0,6849,6856,13705
1790,1791,LAUNCESTON,2011,14,6386,6317,12703,0,0,0,6386,6317,12703
1791,1792,LAUNCESTON,2012,15,6790,6689,13479,0,0,0,6790,6689,13479
1792,1793,LAUNCESTON,2013,14,7490,7422,14912,0,0,0,7490,7422,14912
1793,1794,LAUNCESTON,2014,12,7361,7280,14641,0,0,0,7361,7280,14641
1794,1795,LAUNCESTON,2015,12,7280,7194,14474,0,0,0,7280,7194,14474
1795,1796,LAUNCESTON,2016,13,7346,7274,14620,0,0,0,7346,7274,14620
1796,1797,LAUNCESTON,2017,13,7467,7359,14826,0,0,0,7467,7359,14826
1797,1798,LAUNCESTON,2018,12,7621,7477,15098,0,0,0,7621,7477,15098
1798,1799,LAUNCESTON,2019,12,7858,7796,15654,0,0,0,7858,7796,15654
1799,1800,LAUNCESTON,2020,11,4128,4086,8214,0,0,0,4128,4086,8214
1800,1801,LEARMONTH,1985,,615,519,1134,0,0,0,615,519,1134
1801,1802,LEARMONTH,1986,,453,440,893,0,0,0,453,440,893
1802,1803,LEARMONTH,1987,,378,371,749,0,0,0,378,371,749
1803,1804,LEARMONTH,1988,,352,350,702,0,0,0,352,350,702
1804,1805,LEARMONTH,1989,,284,284,568,0,0,0,284,284,568
1805,1806,LEARMONTH,1990,,355,355,710,0,0,0,355,355,710
1806,1807,LEARMONTH,1991,,317,317,634,0,0,0,317,317,634
1807,1808,LEARMONTH,1992,,327,327,654,0,0,0,327,327,654
1808,1809,LEARMONTH,1993,,361,362,723,0,0,0,361,362,723
1809,1810,LEARMONTH,1994,,437,436,873,0,0,0,437,436,873
1810,1811,LEARMONTH,1995,,578,569,1147,0,0,0,578,569,1147
1811,1812,LEARMONTH,1996,,698,700,1398,0,0,0,698,700,1398
1812,1813,LEARMONTH,1997,,574,588,1162,0,0,0,574,588,1162
1813,1814,LEARMONTH,1998,,421,422,843,0,0,0,421,422,843
1814,1815,LEARMONTH,1999,,363,391,754,0,0,0,363,391,754
1815,1816,LEARMONTH,2000,,676,701,1377,0,0,0,676,701,1377
1816,1817,LEARMONTH,2001,,479,486,965,0,0,0,479,486,965
1817,1818,LEARMONTH,2002,,452,450,902,0,0,0,452,450,902
1818,1819,LEARMONTH,2003,,422,420,842,0,0,0,422,420,842
1819,1820,LEARMONTH,2004,,409,408,817,0,0,0,409,408,817
1820,1821,LEARMONTH,2005,,437,439,876,0,0,0,437,439,876
1821,1822,LEARMONTH,2006,,451,453,904,0,0,0,451,453,904
1822,1823,LEARMONTH,2007,,641,641,1282,0,0,0,641,641,1282
1823,1824,LEARMONTH,2008,,690,693,1383,0,0,0,690,693,1383
1824,1825,LEARMONTH,2009,,591,586,1177,0,0,0,591,586,1177
1825,1826,LEARMONTH,2010,,718,711,1429,0,0,0,718,711,1429
1826,1827,LEARMONTH,2011,,630,628,1258,0,0,0,630,628,1258
1827,1828,LEARMONTH,2012,,1100,1096,2196,0,0,0,1100,1096,2196
1828,1829,LEARMONTH,2013,,799,799,1598,0,0,0,799,799,1598
1829,1830,LEARMONTH,2014,,734,732,1466,0,0,0,734,732,1466
1830,1831,LEARMONTH,2015,,621,620,1241,0,0,0,621,620,1241
1831,1832,LEARMONTH,2016,,624,621,1245,0,0,0,624,621,1245
1832,1833,LEARMONTH,2017,,630,619,1249,0,0,0,630,619,1249
1833,1834,LEARMONTH,2018,,632,632,1264,0,0,0,632,632,1264
1834,1835,LEARMONTH,2019,,633,633,1266,0,0,0,633,633,1266
1835,1836,LEARMONTH,2020,,458,459,917,0,0,0,458,459,917
1836,1837,LOCKHART RIVER,1985,,358,357,715,0,0,0,358,357,715
1837,1838,LOCKHART RIVER,1986,,460,457,917,0,0,0,460,457,917
1838,1839,LOCKHART RIVER,1987,,510,510,1020,0,0,0,510,510,1020
1839,1840,LOCKHART RIVER,1988,,771,771,1542,0,0,0,771,771,1542
1840,1841,LOCKHART RIVER,1989,,785,785,1570,0,0,0,785,785,1570
1841,1842,LOCKHART RIVER,1990,,278,281,559,0,0,0,278,281,559
1842,1843,LOCKHART RIVER,1991,,518,515,1033,0,0,0,518,515,1033
1843,1844,LOCKHART RIVER,1992,,621,621,1242,0,0,0,621,621,1242
1844,1845,LOCKHART RIVER,1993,,553,552,1105,0,0,0,553,552,1105
1845,1846,LOCKHART RIVER,1994,,234,234,468,0,0,0,234,234,468
1846,1847,LOCKHART RIVER,1995,,0,0,0,0,0,0,0,0,0
1847,1848,LOCKHART RIVER,1996,,181,181,362,0,0,0,181,181,362
1848,1849,LOCKHART RIVER,1997,,299,300,599,0,0,0,299,300,599
1849,1850,LOCKHART RIVER,1998,,308,309,617,0,0,0,308,309,617
1850,1851,LOCKHART RIVER,1999,,381,381,762,0,0,0,381,381,762
1851,1852,LOCKHART RIVER,2000,,394,394,788,0,0,0,394,394,788
1852,1853,LOCKHART RIVER,2001,,358,358,716,0,0,0,358,358,716
1853,1854,LOCKHART RIVER,2002,,373,373,746,0,0,0,373,373,746
1854,1855,LOCKHART RIVER,2003,,368,368,736,0,0,0,368,368,736
1855,1856,LOCKHART RIVER,2004,,382,382,764,0,0,0,382,382,764
1856,1857,LOCKHART RIVER,2005,,346,346,692,0,0,0,346,346,692
1857,1858,LOCKHART RIVER,2006,,387,387,774,0,0,0,387,387,774
1858,1859,LOCKHART RIVER,2007,,297,297,594,0,0,0,297,297,594
1859,1860,LOCKHART RIVER,2008,,207,207,414,0,0,0,207,207,414
1860,1861,LOCKHART RIVER,2009,,233,233,466,0,0,0,233,233,466
1861,1862,LOCKHART RIVER,2010,,261,261,522,0,0,0,261,261,522
1862,1863,LOCKHART RIVER,2011,,252,253,505,0,0,0,252,253,505
1863,1864,LOCKHART RIVER,2012,,290,290,580,0,0,0,290,290,580
1864,1865,LOCKHART RIVER,2013,,258,258,516,0,0,0,258,258,516
1865,1866,LOCKHART RIVER,2014,,257,256,513,0,0,0,257,256,513
1866,1867,LOCKHART RIVER,2015,,184,184,368,0,0,0,184,184,368
1867,1868,LOCKHART RIVER,2016,,231,231,462,0,0,0,231,231,462
1868,1869,LOCKHART RIVER,2017,,343,343,686,0,0,0,343,343,686
1869,1870,LOCKHART RIVER,2018,,371,371,742,0,0,0,371,371,742
1870,1871,LOCKHART RIVER,2019,,339,340,679,0,0,0,339,340,679
1871,1872,LOCKHART RIVER,2020,,236,237,473,0,0,0,236,237,473
1872,1873,LONGREACH,1985,,292,290,582,0,0,0,292,290,582
1873,1874,LONGREACH,1986,,306,306,612,0,0,0,306,306,612
1874,1875,LONGREACH,1987,,208,210,418,0,0,0,208,210,418
1875,1876,LONGREACH,1988,,0,0,0,0,0,0,0,0,0
1876,1877,LONGREACH,1989,,0,0,0,0,0,0,0,0,0
1877,1878,LONGREACH,1990,,0,0,0,0,0,0,0,0,0
1878,1879,LONGREACH,1991,,653,691,1344,0,0,0,653,691,1344
1879,1880,LONGREACH,1992,,509,508,1017,0,0,0,509,508,1017
1880,1881,LONGREACH,1993,,394,394,788,0,0,0,394,394,788
1881,1882,LONGREACH,1994,,468,468,936,0,0,0,468,468,936
1882,1883,LONGREACH,1995,,475,474,949,0,0,0,475,474,949
1883,1884,LONGREACH,1996,,471,473,944,0,0,0,471,473,944
1884,1885,LONGREACH,1997,,518,524,1042,0,0,0,518,524,1042
1885,1886,LONGREACH,1998,,486,486,972,0,0,0,486,486,972
1886,1887,LONGREACH,1999,,474,473,947,0,0,0,474,473,947
1887,1888,LONGREACH,2000,,474,473,947,0,0,0,474,473,947
1888,1889,LONGREACH,2001,,492,485,977,0,0,0,492,485,977
1889,1890,LONGREACH,2002,,507,507,1014,0,0,0,507,507,1014
1890,1891,LONGREACH,2003,,482,482,964,0,0,0,482,482,964
1891,1892,LONGREACH,2004,,469,469,938,0,0,0,469,469,938
1892,1893,LONGREACH,2005,,468,468,936,0,0,0,468,468,936
1893,1894,LONGREACH,2006,,461,461,922,0,0,0,461,461,922
1894,1895,LONGREACH,2007,,479,479,958,0,0,0,479,479,958
1895,1896,LONGREACH,2008,,468,467,935,0,0,0,468,467,935
1896,1897,LONGREACH,2009,,446,445,891,0,0,0,446,445,891
1897,1898,LONGREACH,2010,,480,477,957,0,0,0,480,477,957
1898,1899,LONGREACH,2011,,552,546,1098,0,0,0,552,546,1098
1899,1900,LONGREACH,2012,,799,474,1273,0,0,0,799,474,1273
1900,1901,LONGREACH,2013,,824,505,1329,0,0,0,824,505,1329
1901,1902,LONGREACH,2014,,785,475,1260,0,0,0,785,475,1260
1902,1903,LONGREACH,2015,,778,469,1247,0,0,0,778,469,1247
1903,1904,LONGREACH,2016,,764,471,1235,0,0,0,764,471,1235
1904,1905,LONGREACH,2017,,570,466,1036,0,0,0,570,466,1036
1905,1906,LONGREACH,2018,,727,542,1269,0,0,0,727,542,1269
1906,1907,LONGREACH,2019,,1056,850,1906,0,0,0,1056,850,1906
1907,1908,LONGREACH,2020,,903,870,1773,0,0,0,903,870,1773
1908,1909,LORD HOWE ISLAND,1985,,1417,1405,2822,0,0,0,1417,1405,2822
1909,1910,LORD HOWE ISLAND,1986,,1553,1552,3105,0,0,0,1553,1552,3105
1910,1911,LORD HOWE ISLAND,1987,,1611,1615,3226,0,0,0,1611,1615,3226
1911,1912,LORD HOWE ISLAND,1988,,1625,1572,3197,0,0,0,1625,1572,3197
1912,1913,LORD HOWE ISLAND,1989,,1722,1621,3343,0,0,0,1722,1621,3343
1913,1914,LORD HOWE ISLAND,1990,,907,922,1829,0,0,0,907,922,1829
1914,1915,LORD HOWE ISLAND,1991,,889,975,1864,0,0,0,889,975,1864
1915,1916,LORD HOWE ISLAND,1992,,1225,1291,2516,0,0,0,1225,1291,2516
1916,1917,LORD HOWE ISLAND,1993,,755,753,1508,0,0,0,755,753,1508
1917,1918,LORD HOWE ISLAND,1994,,344,343,687,0,0,0,344,343,687
1918,1919,LORD HOWE ISLAND,1995,,390,389,779,0,0,0,390,389,779
1919,1920,LORD HOWE ISLAND,1996,,471,471,942,0,0,0,471,471,942
1920,1921,LORD HOWE ISLAND,1997,,647,639,1286,0,0,0,647,639,1286
1921,1922,LORD HOWE ISLAND,1998,,672,666,1338,0,0,0,672,666,1338
1922,1923,LORD HOWE ISLAND,1999,,606,606,1212,0,0,0,606,606,1212
1923,1924,LORD HOWE ISLAND,2000,,509,510,1019,0,0,0,509,510,1019
1924,1925,LORD HOWE ISLAND,2001,,500,498,998,0,0,0,500,498,998
1925,1926,LORD HOWE ISLAND,2002,,505,503,1008,0,0,0,505,503,1008
1926,1927,LORD HOWE ISLAND,2003,,528,527,1055,0,0,0,528,527,1055
1927,1928,LORD HOWE ISLAND,2004,,536,535,1071,0,0,0,536,535,1071
1928,1929,LORD HOWE ISLAND,2005,,585,584,1169,0,0,0,585,584,1169
1929,1930,LORD HOWE ISLAND,2006,,621,620,1241,0,0,0,621,620,1241
1930,1931,LORD HOWE ISLAND,2007,,637,636,1273,0,0,0,637,636,1273
1931,1932,LORD HOWE ISLAND,2008,,642,640,1282,0,0,0,642,640,1282
1932,1933,LORD HOWE ISLAND,2009,,627,626,1253,0,0,0,627,626,1253
1933,1934,LORD HOWE ISLAND,2010,,628,628,1256,0,0,0,628,628,1256
1934,1935,LORD HOWE ISLAND,2011,,635,632,1267,0,0,0,635,632,1267
1935,1936,LORD HOWE ISLAND,2012,,636,636,1272,0,0,0,636,636,1272
1936,1937,LORD HOWE ISLAND,2013,,642,641,1283,0,0,0,642,641,1283
1937,1938,LORD HOWE ISLAND,2014,,647,645,1292,0,0,0,647,645,1292
1938,1939,LORD HOWE ISLAND,2015,,647,645,1292,0,0,0,647,645,1292
1939,1940,LORD HOWE ISLAND,2016,,743,744,1487,0,0,0,743,744,1487
1940,1941,LORD HOWE ISLAND,2017,,731,735,1466,0,0,0,731,735,1466
1941,1942,LORD HOWE ISLAND,2018,,755,751,1506,0,0,0,755,751,1506
1942,1943,LORD HOWE ISLAND,2019,,730,730,1460,0,0,0,730,730,1460
1943,1944,LORD HOWE ISLAND,2020,,425,425,850,0,0,0,425,425,850
1944,1945,MACKAY,1985,21,3939,3915,7854,0,0,0,3939,3915,7854
1945,1946,MACKAY,1986,21,4311,4306,8617,0,0,0,4311,4306,8617
1946,1947,MACKAY,1987,19,4221,4224,8445,0,0,0,4221,4224,8445
1947,1948,MACKAY,1988,14,5086,5103,10189,0,0,0,5086,5103,10189
1948,1949,MACKAY,1989,13,4474,4547,9021,0,0,0,4474,4547,9021
1949,1950,MACKAY,1990,20,3861,3868,7729,0,0,0,3861,3868,7729
1950,1951,MACKAY,1991,15,4971,4971,9942,0,0,0,4971,4971,9942
1951,1952,MACKAY,1992,15,4984,4986,9970,0,0,0,4984,4986,9970
1952,1953,MACKAY,1993,17,5481,5478,10959,0,0,0,5481,5478,10959
1953,1954,MACKAY,1994,17,5705,5706,11411,0,0,0,5705,5706,11411
1954,1955,MACKAY,1995,15,6178,6177,12355,0,0,0,6178,6177,12355
1955,1956,MACKAY,1996,13,6270,6263,12533,0,0,0,6270,6263,12533
1956,1957,MACKAY,1997,14,6145,6157,12302,0,0,0,6145,6157,12302
1957,1958,MACKAY,1998,13,6066,6062,12128,0,0,0,6066,6062,12128
1958,1959,MACKAY,1999,13,6144,6152,12296,0,0,0,6144,6152,12296
1959,1960,MACKAY,2000,13,6428,6450,12878,0,0,0,6428,6450,12878
1960,1961,MACKAY,2001,13,6174,6185,12359,0,0,0,6174,6185,12359
1961,1962,MACKAY,2002,13,4934,4942,9876,0,0,0,4934,4942,9876
1962,1963,MACKAY,2003,16,3850,3850,7700,0,0,0,3850,3850,7700
1963,1964,MACKAY,2004,17,4260,4191,8451,0,0,0,4260,4191,8451
1964,1965,MACKAY,2005,16,4687,4664,9351,0,0,0,4687,4664,9351
1965,1966,MACKAY,2006,16,4925,4885,9810,0,0,0,4925,4885,9810
1966,1967,MACKAY,2007,15,5216,5108,10324,0,0,0,5216,5108,10324
1967,1968,MACKAY,2008,15,5929,5722,11651,0,0,0,5929,5722,11651
1968,1969,MACKAY,2009,15,6210,6162,12372,0,0,0,6210,6162,12372
1969,1970,MACKAY,2010,12,7371,7361,14732,0,0,0,7371,7361,14732
1970,1971,MACKAY,2011,13,7383,7362,14745,0,0,0,7383,7362,14745
1971,1972,MACKAY,2012,13,7265,7256,14521,0,0,0,7265,7256,14521
1972,1973,MACKAY,2013,13,7566,7564,15130,0,0,0,7566,7564,15130
1973,1974,MACKAY,2014,13,6845,6828,13673,0,0,0,6845,6828,13673
1974,1975,MACKAY,2015,14,6297,6277,12574,0,0,0,6297,6277,12574
1975,1976,MACKAY,2016,14,5724,5713,11437,0,0,0,5724,5713,11437
1976,1977,MACKAY,2017,14,5072,5062,10134,0,0,0,5072,5062,10134
1977,1978,MACKAY,2018,14,5175,5157,10332,0,0,0,5175,5157,10332
1978,1979,MACKAY,2019,14,5567,5561,11128,0,0,0,5567,5561,11128
1979,1980,MACKAY,2020,13,3513,3487,7000,0,0,0,3513,3487,7000
1980,1981,MANINGRIDA,1985,,231,231,462,0,0,0,231,231,462
1981,1982,MANINGRIDA,1986,,0,0,0,0,0,0,0,0,0
1982,1983,MANINGRIDA,1987,,0,0,0,0,0,0,0,0,0
1983,1984,MANINGRIDA,1988,,1,1,2,0,0,0,1,1,2
1984,1985,MANINGRIDA,1989,,0,0,0,0,0,0,0,0,0
1985,1986,MANINGRIDA,1990,,0,0,0,0,0,0,0,0,0
1986,1987,MANINGRIDA,1991,,39,39,78,0,0,0,39,39,78
1987,1988,MANINGRIDA,1992,,1975,1960,3935,0,0,0,1975,1960,3935
1988,1989,MANINGRIDA,1993,,2376,2376,4752,0,0,0,2376,2376,4752
1989,1990,MANINGRIDA,1994,,2287,2287,4574,0,0,0,2287,2287,4574
1990,1991,MANINGRIDA,1995,36,2573,2573,5146,0,0,0,2573,2573,5146
1991,1992,MANINGRIDA,1996,36,2794,2794,5588,0,0,0,2794,2794,5588
1992,1993,MANINGRIDA,1997,31,3122,3122,6244,0,0,0,3122,3122,6244
1993,1994,MANINGRIDA,1998,31,3365,3365,6730,0,0,0,3365,3365,6730
1994,1995,MANINGRIDA,1999,34,2966,2966,5932,0,0,0,2966,2966,5932
1995,1996,MANINGRIDA,2000,,2167,2214,4381,0,0,0,2167,2214,4381
1996,1997,MANINGRIDA,2001,,2110,2174,4284,0,0,0,2110,2174,4284
1997,1998,MANINGRIDA,2002,,1752,1785,3537,0,0,0,1752,1785,3537
1998,1999,MANINGRIDA,2003,,1405,1411,2816,0,0,0,1405,1411,2816
1999,2000,MANINGRIDA,2004,,1271,1270,2541,0,0,0,1271,1270,2541
2000,2001,MANINGRIDA,2005,,1265,1259,2524,0,0,0,1265,1259,2524
2001,2002,MANINGRIDA,2006,,1091,1102,2193,0,0,0,1091,1102,2193
2002,2003,MANINGRIDA,2007,,1223,1237,2460,0,0,0,1223,1237,2460
2003,2004,MANINGRIDA,2008,,1218,1228,2446,0,0,0,1218,1228,2446
2004,2005,MANINGRIDA,2009,,1238,1243,2481,0,0,0,1238,1243,2481
2005,2006,MANINGRIDA,2010,,1212,1214,2426,0,0,0,1212,1214,2426
2006,2007,MANINGRIDA,2011,,1229,1230,2459,0,0,0,1229,1230,2459
2007,2008,MANINGRIDA,2012,,1242,1238,2480,0,0,0,1242,1238,2480
2008,2009,MANINGRIDA,2013,,1240,1233,2473,0,0,0,1240,1233,2473
2009,2010,MANINGRIDA,2014,,1225,1223,2448,0,0,0,1225,1223,2448
2010,2011,MANINGRIDA,2015,,1199,1199,2398,0,0,0,1199,1199,2398
2011,2012,MANINGRIDA,2016,,1201,1203,2404,0,0,0,1201,1203,2404
2012,2013,MANINGRIDA,2017,,937,936,1873,0,0,0,937,936,1873
2013,2014,MANINGRIDA,2018,,823,824,1647,0,0,0,823,824,1647
2014,2015,MANINGRIDA,2019,,808,808,1616,0,0,0,808,808,1616
2015,2016,MANINGRIDA,2020,,621,621,1242,0,0,0,621,621,1242
2016,2017,MCARTHUR RIVER,1985,,0,0,0,0,0,0,0,0,0
2017,2018,MCARTHUR RIVER,1986,,0,0,0,0,0,0,0,0,0
2018,2019,MCARTHUR RIVER,1987,,0,0,0,0,0,0,0,0,0
2019,2020,MCARTHUR RIVER,1988,,0,0,0,0,0,0,0,0,0
2020,2021,MCARTHUR RIVER,1989,,0,0,0,0,0,0,0,0,0
2021,2022,MCARTHUR RIVER,1990,,0,0,0,0,0,0,0,0,0
2022,2023,MCARTHUR RIVER,1991,,0,0,0,0,0,0,0,0,0
2023,2024,MCARTHUR RIVER,1992,,0,0,0,0,0,0,0,0,0
2024,2025,MCARTHUR RIVER,1993,,192,192,384,0,0,0,192,192,384
2025,2026,MCARTHUR RIVER,1994,,520,520,1040,0,0,0,520,520,1040
2026,2027,MCARTHUR RIVER,1995,,686,686,1372,0,0,0,686,686,1372
2027,2028,MCARTHUR RIVER,1996,,530,530,1060,0,0,0,530,530,1060
2028,2029,MCARTHUR RIVER,1997,,477,481,958,0,0,0,477,481,958
2029,2030,MCARTHUR RIVER,1998,,398,401,799,0,0,0,398,401,799
2030,2031,MCARTHUR RIVER,1999,,466,470,936,0,0,0,466,470,936
2031,2032,MCARTHUR RIVER,2000,,468,467,935,0,0,0,468,467,935
2032,2033,MCARTHUR RIVER,2001,,468,469,937,0,0,0,468,469,937
2033,2034,MCARTHUR RIVER,2002,,469,466,935,0,0,0,469,466,935
2034,2035,MCARTHUR RIVER,2003,,470,466,936,0,0,0,470,466,936
2035,2036,MCARTHUR RIVER,2004,,468,468,936,0,0,0,468,468,936
2036,2037,MCARTHUR RIVER,2005,,211,211,422,0,0,0,211,211,422
2037,2038,MCARTHUR RIVER,2006,,112,117,229,0,0,0,112,117,229
2038,2039,MCARTHUR RIVER,2007,,0,0,0,0,0,0,0,0,0
2039,2040,MCARTHUR RIVER,2008,,0,0,0,0,0,0,0,0,0
2040,2041,MCARTHUR RIVER,2009,,44,44,88,0,0,0,44,44,88
2041,2042,MCARTHUR RIVER,2010,,257,255,512,0,0,0,257,255,512
2042,2043,MCARTHUR RIVER,2011,,285,288,573,0,0,0,285,288,573
2043,2044,MCARTHUR RIVER,2012,,350,350,700,0,0,0,350,350,700
2044,2045,MCARTHUR RIVER,2013,,472,469,941,0,0,0,472,469,941
2045,2046,MCARTHUR RIVER,2014,,423,423,846,0,0,0,423,423,846
2046,2047,MCARTHUR RIVER,2015,,456,458,914,0,0,0,456,458,914
2047,2048,MCARTHUR RIVER,2016,,389,391,780,0,0,0,389,391,780
2048,2049,MCARTHUR RIVER,2017,,310,309,619,0,0,0,310,309,619
2049,2050,MCARTHUR RIVER,2018,,313,312,625,0,0,0,313,312,625
2050,2051,MCARTHUR RIVER,2019,,314,314,628,0,0,0,314,314,628
2051,2052,MCARTHUR RIVER,2020,,106,107,213,0,0,0,106,107,213
2052,2053,MELBOURNE,1985,2,36537,36532,73069,5738,5622,11360,42275,42154,84429
2053,2054,MELBOURNE,1986,2,37071,37070,74141,6359,6329,12688,43430,43399,86829
2054,2055,MELBOURNE,1987,2,38554,38628,77182,6847,6772,13619,45401,45400,90801
2055,2056,MELBOURNE,1988,2,40043,39833,79876,7005,6902,13907,47048,46735,93783
2056,2057,MELBOURNE,1989,2,33921,33811,67732,7410,7287,14697,41331,41098,82429
2057,2058,MELBOURNE,1990,2,39911,39706,79617,8067,7975,16042,47978,47681,95659
2058,2059,MELBOURNE,1991,2,46371,46182,92553,7562,7579,15141,53933,53761,107694
2059,2060,MELBOURNE,1992,2,49644,49803,99447,7822,7815,15637,57466,57618,115084
2060,2061,MELBOURNE,1993,2,51234,51169,102403,8140,8092,16232,59374,59261,118635
2061,2062,MELBOURNE,1994,2,53771,53785,107556,7437,7326,14763,61208,61111,122319
2062,2063,MELBOURNE,1995,2,57407,57322,114729,7706,7520,15226,65113,64842,129955
2063,2064,MELBOURNE,1996,2,59465,59216,118681,8321,8158,16479,67786,67374,135160
2064,2065,MELBOURNE,1997,2,60212,59772,119984,8700,8753,17453,68912,68525,137437
2065,2066,MELBOURNE,1998,2,61239,60689,121928,8780,8952,17732,70019,69641,139660
2066,2067,MELBOURNE,1999,2,63070,62503,125573,9349,9530,18879,72419,72033,144452
2067,2068,MELBOURNE,2000,2,70339,69988,140327,10740,10858,21598,81079,80846,161925
2068,2069,MELBOURNE,2001,2,71661,71420,143081,11656,11765,23421,83317,83185,166502
2069,2070,MELBOURNE,2002,2,61624,61521,123145,10716,10782,21498,72340,72303,144643
2070,2071,MELBOURNE,2003,2,63213,63214,126427,10674,10655,21329,73887,73869,147756
2071,2072,MELBOURNE,2004,2,71973,72088,144061,13335,13346,26681,85308,85434,170742
2072,2073,MELBOURNE,2005,2,74602,74618,149220,13370,13386,26756,87972,88004,175976
2073,2074,MELBOURNE,2006,2,75662,75904,151566,11985,11964,23949,87647,87868,175515
2074,2075,MELBOURNE,2007,2,76782,77080,153862,12129,12104,24233,88911,89184,178095
2075,2076,MELBOURNE,2008,2,83136,83337,166473,12942,12921,25863,96078,96258,192336
2076,2077,MELBOURNE,2009,2,78975,79072,158047,14556,14505,29061,93531,93577,187108
2077,2078,MELBOURNE,2010,2,86201,86472,172673,15969,15940,31909,102170,102412,204582
2078,2079,MELBOURNE,2011,2,84836,85197,170033,16905,16870,33775,101741,102067,203808
2079,2080,MELBOURNE,2012,2,88761,89047,177808,17724,17691,35415,106485,106738,213223
2080,2081,MELBOURNE,2013,2,90480,90609,181089,18773,18722,37495,109253,109331,218584
2081,2082,MELBOURNE,2014,2,92359,92449,184808,20240,20232,40472,112599,112681,225280
2082,2083,MELBOURNE,2015,2,95008,95115,190123,21163,21150,42313,116171,116265,232436
2083,2084,MELBOURNE,2016,2,95658,95916,191574,22348,22324,44672,118006,118240,236246
2084,2085,MELBOURNE,2017,2,95775,95962,191737,23443,23439,46882,119218,119401,238619
2085,2086,MELBOURNE,2018,2,95329,95618,190947,25929,25937,51866,121258,121555,242813
2086,2087,MELBOURNE,2019,2,95355,95688,191043,26037,25990,52027,121392,121678,243070
2087,2088,MELBOURNE,2020,3,30983,31171,62154,9249,9228,18477,40232,40399,80631
2088,2089,MERIMBULA,1985,,894,882,1776,0,0,0,894,882,1776
2089,2090,MERIMBULA,1986,,843,843,1686,0,0,0,843,843,1686
2090,2091,MERIMBULA,1987,,850,850,1700,0,0,0,850,850,1700
2091,2092,MERIMBULA,1988,,827,828,1655,0,0,0,827,828,1655
2092,2093,MERIMBULA,1989,,932,945,1877,0,0,0,932,945,1877
2093,2094,MERIMBULA,1990,,1309,1352,2661,0,0,0,1309,1352,2661
2094,2095,MERIMBULA,1991,,1035,1012,2047,0,0,0,1035,1012,2047
2095,2096,MERIMBULA,1992,,1054,1051,2105,0,0,0,1054,1051,2105
2096,2097,MERIMBULA,1993,,1104,1103,2207,0,0,0,1104,1103,2207
2097,2098,MERIMBULA,1994,,1067,1064,2131,0,0,0,1067,1064,2131
2098,2099,MERIMBULA,1995,,1568,1565,3133,0,0,0,1568,1565,3133
2099,2100,MERIMBULA,1996,,1593,1600,3193,0,0,0,1593,1600,3193
2100,2101,MERIMBULA,1997,,1412,1407,2819,0,0,0,1412,1407,2819
2101,2102,MERIMBULA,1998,,1411,1419,2830,0,0,0,1411,1419,2830
2102,2103,MERIMBULA,1999,,1360,1358,2718,0,0,0,1360,1358,2718
2103,2104,MERIMBULA,2000,,1313,1305,2618,0,0,0,1313,1305,2618
2104,2105,MERIMBULA,2001,,1160,1160,2320,0,0,0,1160,1160,2320
2105,2106,MERIMBULA,2002,,1247,1244,2491,0,0,0,1247,1244,2491
2106,2107,MERIMBULA,2003,,1377,1374,2751,0,0,0,1377,1374,2751
2107,2108,MERIMBULA,2004,,1345,1342,2687,0,0,0,1345,1342,2687
2108,2109,MERIMBULA,2005,,1445,1443,2888,0,0,0,1445,1443,2888
2109,2110,MERIMBULA,2006,,1490,1491,2981,0,0,0,1490,1491,2981
2110,2111,MERIMBULA,2007,,1455,1456,2911,0,0,0,1455,1456,2911
2111,2112,MERIMBULA,2008,,1450,1444,2894,0,0,0,1450,1444,2894
2112,2113,MERIMBULA,2009,,1407,1403,2810,0,0,0,1407,1403,2810
2113,2114,MERIMBULA,2010,,1402,1398,2800,0,0,0,1402,1398,2800
2114,2115,MERIMBULA,2011,,1502,1495,2997,0,0,0,1502,1495,2997
2115,2116,MERIMBULA,2012,,1513,1500,3013,0,0,0,1513,1500,3013
2116,2117,MERIMBULA,2013,,1470,1444,2914,0,0,0,1470,1444,2914
2117,2118,MERIMBULA,2014,,1726,1630,3356,0,0,0,1726,1630,3356
2118,2119,MERIMBULA,2015,,1546,1509,3055,0,0,0,1546,1509,3055
2119,2120,MERIMBULA,2016,,1563,1526,3089,0,0,0,1563,1526,3089
2120,2121,MERIMBULA,2017,,1526,1496,3022,0,0,0,1526,1496,3022
2121,2122,MERIMBULA,2018,,1460,1457,2917,0,0,0,1460,1457,2917
2122,2123,MERIMBULA,2019,,1540,1548,3088,0,0,0,1540,1548,3088
2123,2124,MERIMBULA,2020,,816,815,1631,0,0,0,816,815,1631
2124,2125,MILDURA,1985,30,2616,2641,5257,0,0,0,2616,2641,5257
2125,2126,MILDURA,1986,27,2892,2884,5776,0,0,0,2892,2884,5776
2126,2127,MILDURA,1987,26,2943,2916,5859,0,0,0,2943,2916,5859
2127,2128,MILDURA,1988,28,2858,3131,5989,0,0,0,2858,3131,5989
2128,2129,MILDURA,1989,25,2778,2897,5675,0,0,0,2778,2897,5675
2129,2130,MILDURA,1990,28,2567,3016,5583,0,0,0,2567,3016,5583
2130,2131,MILDURA,1991,34,2563,3087,5650,0,0,0,2563,3087,5650
2131,2132,MILDURA,1992,31,2776,2833,5609,0,0,0,2776,2833,5609
2132,2133,MILDURA,1993,31,2855,2832,5687,0,0,0,2855,2832,5687
2133,2134,MILDURA,1994,33,2850,2772,5622,0,0,0,2850,2772,5622
2134,2135,MILDURA,1995,34,2889,2906,5795,0,0,0,2889,2906,5795
2135,2136,MILDURA,1996,34,2876,2876,5752,0,0,0,2876,2876,5752
2136,2137,MILDURA,1997,34,3046,3049,6095,0,0,0,3046,3049,6095
2137,2138,MILDURA,1998,30,3442,3442,6884,0,0,0,3442,3442,6884
2138,2139,MILDURA,1999,29,3652,3656,7308,0,0,0,3652,3656,7308
2139,2140,MILDURA,2000,30,3532,3522,7054,0,0,0,3532,3522,7054
2140,2141,MILDURA,2001,31,2864,2849,5713,0,0,0,2864,2849,5713
2141,2142,MILDURA,2002,26,2988,2991,5979,0,0,0,2988,2991,5979
2142,2143,MILDURA,2003,23,3244,3242,6486,0,0,0,3244,3242,6486
2143,2144,MILDURA,2004,24,3284,3281,6565,0,0,0,3284,3281,6565
2144,2145,MILDURA,2005,24,3487,3479,6966,0,0,0,3487,3479,6966
2145,2146,MILDURA,2006,21,3776,3773,7549,0,0,0,3776,3773,7549
2146,2147,MILDURA,2007,20,3712,3702,7414,0,0,0,3712,3702,7414
2147,2148,MILDURA,2008,23,3273,3270,6543,0,0,0,3273,3270,6543
2148,2149,MILDURA,2009,22,3051,3049,6100,0,0,0,3051,3049,6100
2149,2150,MILDURA,2010,26,2894,2891,5785,0,0,0,2894,2891,5785
2150,2151,MILDURA,2011,29,2718,2715,5433,0,0,0,2718,2715,5433
2151,2152,MILDURA,2012,25,2982,2988,5970,0,0,0,2982,2988,5970
2152,2153,MILDURA,2013,20,3569,3579,7148,0,0,0,3569,3579,7148
2153,2154,MILDURA,2014,20,3571,3581,7152,0,0,0,3571,3581,7152
2154,2155,MILDURA,2015,20,3605,3598,7203,0,0,0,3605,3598,7203
2155,2156,MILDURA,2016,19,3668,3667,7335,0,0,0,3668,3667,7335
2156,2157,MILDURA,2017,21,3639,3646,7285,0,0,0,3639,3646,7285
2157,2158,MILDURA,2018,23,3435,3451,6886,0,0,0,3435,3451,6886
2158,2159,MILDURA,2019,22,3155,3150,6305,0,0,0,3155,3150,6305
2159,2160,MILDURA,2020,,1187,1187,2374,0,0,0,1187,1187,2374
2160,2161,MORANBAH,1985,,200,196,396,0,0,0,200,196,396
2161,2162,MORANBAH,1986,,313,300,613,0,0,0,313,300,613
2162,2163,MORANBAH,1987,,215,217,432,0,0,0,215,217,432
2163,2164,MORANBAH,1988,,232,223,455,0,0,0,232,223,455
2164,2165,MORANBAH,1989,,168,167,335,0,0,0,168,167,335
2165,2166,MORANBAH,1990,,43,36,79,0,0,0,43,36,79
2166,2167,MORANBAH,1991,,0,0,0,0,0,0,0,0,0
2167,2168,MORANBAH,1992,,0,0,0,0,0,0,0,0,0
2168,2169,MORANBAH,1993,,0,0,0,0,0,0,0,0,0
2169,2170,MORANBAH,1994,,0,0,0,0,0,0,0,0,0
2170,2171,MORANBAH,1995,,0,0,0,0,0,0,0,0,0
2171,2172,MORANBAH,1996,,0,0,0,0,0,0,0,0,0
2172,2173,MORANBAH,1997,,0,0,0,0,0,0,0,0,0
2173,2174,MORANBAH,1998,,0,0,0,0,0,0,0,0,0
2174,2175,MORANBAH,1999,,0,0,0,0,0,0,0,0,0
2175,2176,MORANBAH,2000,,0,0,0,0,0,0,0,0,0
2176,2177,MORANBAH,2001,,0,0,0,0,0,0,0,0,0
2177,2178,MORANBAH,2002,,0,0,0,0,0,0,0,0,0
2178,2179,MORANBAH,2003,,0,0,0,0,0,0,0,0,0
2179,2180,MORANBAH,2004,,272,272,544,0,0,0,272,272,544
2180,2181,MORANBAH,2005,,375,375,750,0,0,0,375,375,750
2181,2182,MORANBAH,2006,,359,365,724,0,0,0,359,365,724
2182,2183,MORANBAH,2007,,343,343,686,0,0,0,343,343,686
2183,2184,MORANBAH,2008,,314,309,623,0,0,0,314,309,623
2184,2185,MORANBAH,2009,,102,102,204,0,0,0,102,102,204
2185,2186,MORANBAH,2010,,439,434,873,0,0,0,439,434,873
2186,2187,MORANBAH,2011,,1059,1057,2116,0,0,0,1059,1057,2116
2187,2188,MORANBAH,2012,,1737,1697,3434,0,0,0,1737,1697,3434
2188,2189,MORANBAH,2013,33,2572,2545,5117,0,0,0,2572,2545,5117
2189,2190,MORANBAH,2014,33,2651,2601,5252,0,0,0,2651,2601,5252
2190,2191,MORANBAH,2015,,2176,2122,4298,0,0,0,2176,2122,4298
2191,2192,MORANBAH,2016,,1913,1868,3781,0,0,0,1913,1868,3781
2192,2193,MORANBAH,2017,,1439,1385,2824,0,0,0,1439,1385,2824
2193,2194,MORANBAH,2018,,1148,1094,2242,0,0,0,1148,1094,2242
2194,2195,MORANBAH,2019,,1223,1173,2396,0,0,0,1223,1173,2396
2195,2196,MORANBAH,2020,,745,701,1446,0,0,0,745,701,1446
2196,2197,MOREE,1985,,445,444,889,0,0,0,445,444,889
2197,2198,MOREE,1986,,481,479,960,0,0,0,481,479,960
2198,2199,MOREE,1987,,416,412,828,0,0,0,416,412,828
2199,2200,MOREE,1988,,455,454,909,0,0,0,455,454,909
2200,2201,MOREE,1989,,356,346,702,0,0,0,356,346,702
2201,2202,MOREE,1990,,937,499,1436,0,0,0,937,499,1436
2202,2203,MOREE,1991,,527,528,1055,0,0,0,527,528,1055
2203,2204,MOREE,1992,,777,779,1556,0,0,0,777,779,1556
2204,2205,MOREE,1993,,772,772,1544,0,0,0,772,772,1544
2205,2206,MOREE,1994,,715,719,1434,0,0,0,715,719,1434
2206,2207,MOREE,1995,,774,776,1550,0,0,0,774,776,1550
2207,2208,MOREE,1996,,1059,1013,2072,0,0,0,1059,1013,2072
2208,2209,MOREE,1997,,825,814,1639,0,0,0,825,814,1639
2209,2210,MOREE,1998,,823,816,1639,0,0,0,823,816,1639
2210,2211,MOREE,1999,,855,852,1707,0,0,0,855,852,1707
2211,2212,MOREE,2000,,1117,1115,2232,0,0,0,1117,1115,2232
2212,2213,MOREE,2001,,960,961,1921,0,0,0,960,961,1921
2213,2214,MOREE,2002,,703,700,1403,0,0,0,703,700,1403
2214,2215,MOREE,2003,,690,688,1378,0,0,0,690,688,1378
2215,2216,MOREE,2004,,696,694,1390,0,0,0,696,694,1390
2216,2217,MOREE,2005,,697,695,1392,0,0,0,697,695,1392
2217,2218,MOREE,2006,,653,651,1304,0,0,0,653,651,1304
2218,2219,MOREE,2007,,665,664,1329,0,0,0,665,664,1329
2219,2220,MOREE,2008,,671,671,1342,0,0,0,671,671,1342
2220,2221,MOREE,2009,,565,565,1130,0,0,0,565,565,1130
2221,2222,MOREE,2010,,641,642,1283,0,0,0,641,642,1283
2222,2223,MOREE,2011,,731,730,1461,0,0,0,731,730,1461
2223,2224,MOREE,2012,,524,524,1048,0,0,0,524,524,1048
2224,2225,MOREE,2013,,773,775,1548,0,0,0,773,775,1548
2225,2226,MOREE,2014,,597,597,1194,0,0,0,597,597,1194
2226,2227,MOREE,2015,,690,690,1380,0,0,0,690,690,1380
2227,2228,MOREE,2016,,701,702,1403,0,0,0,701,702,1403
2228,2229,MOREE,2017,,832,851,1683,0,0,0,832,851,1683
2229,2230,MOREE,2018,,860,858,1718,0,0,0,860,858,1718
2230,2231,MOREE,2019,,643,640,1283,0,0,0,643,640,1283
2231,2232,MOREE,2020,,251,250,501,0,0,0,251,250,501
2232,2233,MORNINGTON ISLAND,1985,,186,186,372,0,0,0,186,186,372
2233,2234,MORNINGTON ISLAND,1986,,211,211,422,0,0,0,211,211,422
2234,2235,MORNINGTON ISLAND,1987,,190,190,380,0,0,0,190,190,380
2235,2236,MORNINGTON ISLAND,1988,,0,0,0,0,0,0,0,0,0
2236,2237,MORNINGTON ISLAND,1989,,0,0,0,0,0,0,0,0,0
2237,2238,MORNINGTON ISLAND,1990,,58,57,115,0,0,0,58,57,115
2238,2239,MORNINGTON ISLAND,1991,,541,535,1076,0,0,0,541,535,1076
2239,2240,MORNINGTON ISLAND,1992,,548,548,1096,0,0,0,548,548,1096
2240,2241,MORNINGTON ISLAND,1993,,563,565,1128,0,0,0,563,565,1128
2241,2242,MORNINGTON ISLAND,1994,,579,578,1157,0,0,0,579,578,1157
2242,2243,MORNINGTON ISLAND,1995,,597,599,1196,0,0,0,597,599,1196
2243,2244,MORNINGTON ISLAND,1996,,618,618,1236,0,0,0,618,618,1236
2244,2245,MORNINGTON ISLAND,1997,,574,574,1148,0,0,0,574,574,1148
2245,2246,MORNINGTON ISLAND,1998,,574,574,1148,0,0,0,574,574,1148
2246,2247,MORNINGTON ISLAND,1999,,574,574,1148,0,0,0,574,574,1148
2247,2248,MORNINGTON ISLAND,2000,,573,573,1146,0,0,0,573,573,1146
2248,2249,MORNINGTON ISLAND,2001,,540,540,1080,0,0,0,540,540,1080
2249,2250,MORNINGTON ISLAND,2002,,464,464,928,0,0,0,464,464,928
2250,2251,MORNINGTON ISLAND,2003,,468,468,936,0,0,0,468,468,936
2251,2252,MORNINGTON ISLAND,2004,,471,471,942,0,0,0,471,471,942
2252,2253,MORNINGTON ISLAND,2005,,469,469,938,0,0,0,469,469,938
2253,2254,MORNINGTON ISLAND,2006,,535,535,1070,0,0,0,535,535,1070
2254,2255,MORNINGTON ISLAND,2007,,510,511,1021,0,0,0,510,511,1021
2255,2256,MORNINGTON ISLAND,2008,,463,460,923,0,0,0,463,460,923
2256,2257,MORNINGTON ISLAND,2009,,32,32,64,0,0,0,32,32,64
2257,2258,MORNINGTON ISLAND,2010,,256,255,511,0,0,0,256,255,511
2258,2259,MORNINGTON ISLAND,2011,,509,509,1018,0,0,0,509,509,1018
2259,2260,MORNINGTON ISLAND,2012,,511,511,1022,0,0,0,511,511,1022
2260,2261,MORNINGTON ISLAND,2013,,455,456,911,0,0,0,455,456,911
2261,2262,MORNINGTON ISLAND,2014,,416,415,831,0,0,0,416,415,831
2262,2263,MORNINGTON ISLAND,2015,,447,447,894,0,0,0,447,447,894
2263,2264,MORNINGTON ISLAND,2016,,541,545,1086,0,0,0,541,545,1086
2264,2265,MORNINGTON ISLAND,2017,,462,460,922,0,0,0,462,460,922
2265,2266,MORNINGTON ISLAND,2018,,500,501,1001,0,0,0,500,501,1001
2266,2267,MORNINGTON ISLAND,2019,,496,496,992,0,0,0,496,496,992
2267,2268,MORNINGTON ISLAND,2020,,501,501,1002,0,0,0,501,501,1002
2268,2269,MOUNT GAMBIER,1985,31,2555,2585,5140,0,0,0,2555,2585,5140
2269,2270,MOUNT GAMBIER,1986,,1853,1860,3713,0,0,0,1853,1860,3713
2270,2271,MOUNT GAMBIER,1987,30,2642,2642,5284,0,0,0,2642,2642,5284
2271,2272,MOUNT GAMBIER,1988,31,2739,2742,5481,0,0,0,2739,2742,5481
2272,2273,MOUNT GAMBIER,1989,20,3299,3291,6590,0,0,0,3299,3291,6590
2273,2274,MOUNT GAMBIER,1990,24,3481,3480,6961,0,0,0,3481,3480,6961
2274,2275,MOUNT GAMBIER,1991,25,3478,3459,6937,0,0,0,3478,3459,6937
2275,2276,MOUNT GAMBIER,1992,27,3201,3200,6401,0,0,0,3201,3200,6401
2276,2277,MOUNT GAMBIER,1993,28,3254,3263,6517,0,0,0,3254,3263,6517
2277,2278,MOUNT GAMBIER,1994,28,3330,3325,6655,0,0,0,3330,3325,6655
2278,2279,MOUNT GAMBIER,1995,29,3343,3341,6684,0,0,0,3343,3341,6684
2279,2280,MOUNT GAMBIER,1996,32,3342,3341,6683,0,0,0,3342,3341,6683
2280,2281,MOUNT GAMBIER,1997,27,3372,3371,6743,0,0,0,3372,3371,6743
2281,2282,MOUNT GAMBIER,1998,29,3449,3446,6895,0,0,0,3449,3446,6895
2282,2283,MOUNT GAMBIER,1999,30,3453,3450,6903,0,0,0,3453,3450,6903
2283,2284,MOUNT GAMBIER,2000,31,3453,3453,6906,0,0,0,3453,3453,6906
2284,2285,MOUNT GAMBIER,2001,26,3214,3221,6435,0,0,0,3214,3221,6435
2285,2286,MOUNT GAMBIER,2002,17,3862,3865,7727,0,0,0,3862,3865,7727
2286,2287,MOUNT GAMBIER,2003,18,3823,3820,7643,0,0,0,3823,3820,7643
2287,2288,MOUNT GAMBIER,2004,19,3708,3723,7431,0,0,0,3708,3723,7431
2288,2289,MOUNT GAMBIER,2005,18,3903,3965,7868,0,0,0,3903,3965,7868
2289,2290,MOUNT GAMBIER,2006,20,3797,3836,7633,0,0,0,3797,3836,7633
2290,2291,MOUNT GAMBIER,2007,21,3463,3463,6926,0,0,0,3463,3463,6926
2291,2292,MOUNT GAMBIER,2008,,2391,2391,4782,0,0,0,2391,2391,4782
2292,2293,MOUNT GAMBIER,2009,,2176,2176,4352,0,0,0,2176,2176,4352
2293,2294,MOUNT GAMBIER,2010,,2178,2177,4355,0,0,0,2178,2177,4355
2294,2295,MOUNT GAMBIER,2011,,2048,2045,4093,0,0,0,2048,2045,4093
2295,2296,MOUNT GAMBIER,2012,,2060,2057,4117,0,0,0,2060,2057,4117
2296,2297,MOUNT GAMBIER,2013,,2017,2011,4028,0,0,0,2017,2011,4028
2297,2298,MOUNT GAMBIER,2014,,1986,1984,3970,0,0,0,1986,1984,3970
2298,2299,MOUNT GAMBIER,2015,,1987,1984,3971,0,0,0,1987,1984,3971
2299,2300,MOUNT GAMBIER,2016,,1987,1985,3972,0,0,0,1987,1985,3972
2300,2301,MOUNT GAMBIER,2017,,1946,1939,3885,0,0,0,1946,1939,3885
2301,2302,MOUNT GAMBIER,2018,,1821,1817,3638,0,0,0,1821,1817,3638
2302,2303,MOUNT GAMBIER,2019,,1810,1807,3617,0,0,0,1810,1807,3617
2303,2304,MOUNT GAMBIER,2020,,663,662,1325,0,0,0,663,662,1325
2304,2305,MOUNT ISA,1985,,1344,1343,2687,0,0,0,1344,1343,2687
2305,2306,MOUNT ISA,1986,,1440,1440,2880,0,0,0,1440,1440,2880
2306,2307,MOUNT ISA,1987,,1381,1383,2764,0,0,0,1381,1383,2764
2307,2308,MOUNT ISA,1988,,1126,1128,2254,0,0,0,1126,1128,2254
2308,2309,MOUNT ISA,1989,,740,738,1478,0,0,0,740,738,1478
2309,2310,MOUNT ISA,1990,,371,371,742,0,0,0,371,371,742
2310,2311,MOUNT ISA,1991,,2012,2017,4029,0,0,0,2012,2017,4029
2311,2312,MOUNT ISA,1992,,1665,1674,3339,0,0,0,1665,1674,3339
2312,2313,MOUNT ISA,1993,,1581,1580,3161,0,0,0,1581,1580,3161
2313,2314,MOUNT ISA,1994,,1805,1806,3611,0,0,0,1805,1806,3611
2314,2315,MOUNT ISA,1995,,2066,2063,4129,0,0,0,2066,2063,4129
2315,2316,MOUNT ISA,1996,,1958,1958,3916,0,0,0,1958,1958,3916
2316,2317,MOUNT ISA,1997,,2102,2096,4198,0,0,0,2102,2096,4198
2317,2318,MOUNT ISA,1998,,2317,2310,4627,0,0,0,2317,2310,4627
2318,2319,MOUNT ISA,1999,36,2875,2883,5758,0,0,0,2875,2883,5758
2319,2320,MOUNT ISA,2000,35,2665,2695,5360,0,0,0,2665,2695,5360
2320,2321,MOUNT ISA,2001,,2103,2179,4282,0,0,0,2103,2179,4282
2321,2322,MOUNT ISA,2002,,1811,1933,3744,0,0,0,1811,1933,3744
2322,2323,MOUNT ISA,2003,,1802,1873,3675,0,0,0,1802,1873,3675
2323,2324,MOUNT ISA,2004,,1785,1802,3587,0,0,0,1785,1802,3587
2324,2325,MOUNT ISA,2005,,1826,1820,3646,0,0,0,1826,1820,3646
2325,2326,MOUNT ISA,2006,,1936,1991,3927,0,0,0,1936,1991,3927
2326,2327,MOUNT ISA,2007,,2211,2216,4427,0,0,0,2211,2216,4427
2327,2328,MOUNT ISA,2008,,2223,2232,4455,0,0,0,2223,2232,4455
2328,2329,MOUNT ISA,2009,,1668,1552,3220,0,0,0,1668,1552,3220
2329,2330,MOUNT ISA,2010,,2569,2316,4885,0,0,0,2569,2316,4885
2330,2331,MOUNT ISA,2011,28,2859,2638,5497,0,0,0,2859,2638,5497
2331,2332,MOUNT ISA,2012,24,3105,2888,5993,0,0,0,3105,2888,5993
2332,2333,MOUNT ISA,2013,27,3173,2944,6117,0,0,0,3173,2944,6117
2333,2334,MOUNT ISA,2014,28,3052,2822,5874,0,0,0,3052,2822,5874
2334,2335,MOUNT ISA,2015,,2492,2430,4922,0,0,0,2492,2430,4922
2335,2336,MOUNT ISA,2016,,2448,2380,4828,0,0,0,2448,2380,4828
2336,2337,MOUNT ISA,2017,,2402,2340,4742,0,0,0,2402,2340,4742
2337,2338,MOUNT ISA,2018,,2483,2419,4902,0,0,0,2483,2419,4902
2338,2339,MOUNT ISA,2019,,2546,2436,4982,0,0,0,2546,2436,4982
2339,2340,MOUNT ISA,2020,,2015,2010,4025,0,0,0,2015,2010,4025
2340,2341,NEWCASTLE,1985,16,5223,5228,10451,0,0,0,5223,5228,10451
2341,2342,NEWCASTLE,1986,18,4804,4804,9608,0,0,0,4804,4804,9608
2342,2343,NEWCASTLE,1987,20,4200,4191,8391,0,0,0,4200,4191,8391
2343,2344,NEWCASTLE,1988,19,3981,3984,7965,0,0,0,3981,3984,7965
2344,2345,NEWCASTLE,1989,32,2518,2517,5035,0,0,0,2518,2517,5035
2345,2346,NEWCASTLE,1990,18,4432,3665,8097,0,0,0,4432,3665,8097
2346,2347,NEWCASTLE,1991,13,5216,5363,10579,0,0,0,5216,5363,10579
2347,2348,NEWCASTLE,1992,18,4671,4627,9298,0,0,0,4671,4627,9298
2348,2349,NEWCASTLE,1993,20,4634,4573,9207,0,0,0,4634,4573,9207
2349,2350,NEWCASTLE,1994,19,5519,5502,11021,0,0,0,5519,5502,11021
2350,2351,NEWCASTLE,1995,17,5871,5827,11698,0,0,0,5871,5827,11698
2351,2352,NEWCASTLE,1996,15,6108,6090,12198,0,0,0,6108,6090,12198
2352,2353,NEWCASTLE,1997,11,7512,7530,15042,0,0,0,7512,7530,15042
2353,2354,NEWCASTLE,1998,11,8528,8518,17046,0,0,0,8528,8518,17046
2354,2355,NEWCASTLE,1999,11,8661,8643,17304,0,0,0,8661,8643,17304
2355,2356,NEWCASTLE,2000,11,8354,8367,16721,0,0,0,8354,8367,16721
2356,2357,NEWCASTLE,2001,12,7142,7191,14333,5,5,10,7147,7196,14343
2357,2358,NEWCASTLE,2002,11,5489,5506,10995,68,68,136,5557,5574,11131
2358,2359,NEWCASTLE,2003,12,5467,5455,10922,0,0,0,5467,5455,10922
2359,2360,NEWCASTLE,2004,12,5673,5626,11299,0,0,0,5673,5626,11299
2360,2361,NEWCASTLE,2005,12,7468,7471,14939,0,0,0,7468,7471,14939
2361,2362,NEWCASTLE,2006,11,7655,7825,15480,0,0,0,7655,7825,15480
2362,2363,NEWCASTLE,2007,11,8050,8054,16104,0,0,0,8050,8054,16104
2363,2364,NEWCASTLE,2008,11,7728,7504,15232,0,0,0,7728,7504,15232
2364,2365,NEWCASTLE,2009,12,7128,7029,14157,0,0,0,7128,7029,14157
2365,2366,NEWCASTLE,2010,14,7156,7164,14320,0,0,0,7156,7164,14320
2366,2367,NEWCASTLE,2011,12,7538,7541,15079,0,0,0,7538,7541,15079
2367,2368,NEWCASTLE,2012,11,8600,8670,17270,0,0,0,8600,8670,17270
2368,2369,NEWCASTLE,2013,11,8348,8416,16764,0,0,0,8348,8416,16764
2369,2370,NEWCASTLE,2014,14,6489,6432,12921,0,0,0,6489,6432,12921
2370,2371,NEWCASTLE,2015,13,7149,7129,14278,0,0,0,7149,7129,14278
2371,2372,NEWCASTLE,2016,12,8642,8633,17275,0,0,0,8642,8633,17275
2372,2373,NEWCASTLE,2017,12,8803,8797,17600,0,0,0,8803,8797,17600
2373,2374,NEWCASTLE,2018,13,7045,7031,14076,17,16,33,7062,7047,14109
2374,2375,NEWCASTLE,2019,13,7114,7111,14225,37,37,74,7151,7148,14299
2375,2376,NEWCASTLE,2020,15,2681,2678,5359,18,18,36,2699,2696,5395
2376,2377,NEWMAN,1985,,970,1097,2067,0,0,0,970,1097,2067
2377,2378,NEWMAN,1986,,703,729,1432,0,0,0,703,729,1432
2378,2379,NEWMAN,1987,,691,710,1401,0,0,0,691,710,1401
2379,2380,NEWMAN,1988,,823,827,1650,0,0,0,823,827,1650
2380,2381,NEWMAN,1989,,569,569,1138,0,0,0,569,569,1138
2381,2382,NEWMAN,1990,,811,812,1623,0,0,0,811,812,1623
2382,2383,NEWMAN,1991,,736,736,1472,0,0,0,736,736,1472
2383,2384,NEWMAN,1992,,812,812,1624,0,0,0,812,812,1624
2384,2385,NEWMAN,1993,,768,768,1536,0,0,0,768,768,1536
2385,2386,NEWMAN,1994,,739,739,1478,0,0,0,739,739,1478
2386,2387,NEWMAN,1995,,901,898,1799,0,0,0,901,898,1799
2387,2388,NEWMAN,1996,,875,858,1733,0,0,0,875,858,1733
2388,2389,NEWMAN,1997,,688,687,1375,0,0,0,688,687,1375
2389,2390,NEWMAN,1998,,678,678,1356,0,0,0,678,678,1356
2390,2391,NEWMAN,1999,,634,634,1268,0,0,0,634,634,1268
2391,2392,NEWMAN,2000,,635,635,1270,0,0,0,635,635,1270
2392,2393,NEWMAN,2001,,674,677,1351,0,0,0,674,677,1351
2393,2394,NEWMAN,2002,,658,658,1316,0,0,0,658,658,1316
2394,2395,NEWMAN,2003,,699,699,1398,0,0,0,699,699,1398
2395,2396,NEWMAN,2004,,851,849,1700,0,0,0,851,849,1700
2396,2397,NEWMAN,2005,,796,790,1586,0,0,0,796,790,1586
2397,2398,NEWMAN,2006,,748,741,1489,0,0,0,748,741,1489
2398,2399,NEWMAN,2007,,858,834,1692,0,0,0,858,834,1692
2399,2400,NEWMAN,2008,,1045,1052,2097,0,0,0,1045,1052,2097
2400,2401,NEWMAN,2009,,1457,1452,2909,0,0,0,1457,1452,2909
2401,2402,NEWMAN,2010,,1514,1519,3033,0,0,0,1514,1519,3033
2402,2403,NEWMAN,2011,,1550,1552,3102,0,0,0,1550,1552,3102
2403,2404,NEWMAN,2012,,2049,2047,4096,0,0,0,2049,2047,4096
2404,2405,NEWMAN,2013,,2490,2470,4960,0,0,0,2490,2470,4960
2405,2406,NEWMAN,2014,,2279,2271,4550,0,0,0,2279,2271,4550
2406,2407,NEWMAN,2015,,2210,2210,4420,0,0,0,2210,2210,4420
2407,2408,NEWMAN,2016,,2208,2197,4405,0,0,0,2208,2197,4405
2408,2409,NEWMAN,2017,,1993,1986,3979,0,0,0,1993,1986,3979
2409,2410,NEWMAN,2018,,2014,2004,4018,0,0,0,2014,2004,4018
2410,2411,NEWMAN,2019,,2130,2115,4245,0,0,0,2130,2115,4245
2411,2412,NEWMAN,2020,,1115,1123,2238,0,0,0,1115,1123,2238
2412,2413,NORFOLK ISLAND,1985,,655,655,1310,88,88,176,743,743,1486
2413,2414,NORFOLK ISLAND,1986,,719,726,1445,105,105,210,824,831,1655
2414,2415,NORFOLK ISLAND,1987,,709,722,1431,112,111,223,821,833,1654
2415,2416,NORFOLK ISLAND,1988,,685,682,1367,158,160,318,843,842,1685
2416,2417,NORFOLK ISLAND,1989,,660,792,1452,158,158,316,818,950,1768
2417,2418,NORFOLK ISLAND,1990,,550,553,1103,169,169,338,719,722,1441
2418,2419,NORFOLK ISLAND,1991,,551,539,1090,200,200,400,751,739,1490
2419,2420,NORFOLK ISLAND,1992,,688,679,1367,173,173,346,861,852,1713
2420,2421,NORFOLK ISLAND,1993,,479,479,958,119,119,238,598,598,1196
2421,2422,NORFOLK ISLAND,1994,,455,454,909,112,111,223,567,565,1132
2422,2423,NORFOLK ISLAND,1995,,475,475,950,107,107,214,582,582,1164
2423,2424,NORFOLK ISLAND,1996,,365,365,730,108,108,216,473,473,946
2424,2425,NORFOLK ISLAND,1997,,572,573,1145,107,107,214,679,680,1359
2425,2426,NORFOLK ISLAND,1998,,733,733,1466,106,106,212,839,839,1678
2426,2427,NORFOLK ISLAND,1999,,596,593,1189,104,104,208,700,697,1397
2427,2428,NORFOLK ISLAND,2000,,516,516,1032,105,105,210,621,621,1242
2428,2429,NORFOLK ISLAND,2001,,372,373,745,106,104,210,478,477,955
2429,2430,NORFOLK ISLAND,2002,,339,337,676,102,101,203,441,438,879
2430,2431,NORFOLK ISLAND,2003,,515,518,1033,105,101,206,620,619,1239
2431,2432,NORFOLK ISLAND,2004,,416,416,832,104,104,208,520,520,1040
2432,2433,NORFOLK ISLAND,2005,,272,275,547,104,103,207,376,378,754
2433,2434,NORFOLK ISLAND,2006,,313,313,626,104,105,209,417,418,835
2434,2435,NORFOLK ISLAND,2007,,380,380,760,104,104,208,484,484,968
2435,2436,NORFOLK ISLAND,2008,,404,404,808,101,102,203,505,506,1011
2436,2437,NORFOLK ISLAND,2009,,376,377,753,65,66,131,441,443,884
2437,2438,NORFOLK ISLAND,2010,,365,365,730,55,54,109,420,419,839
2438,2439,NORFOLK ISLAND,2011,,409,409,818,52,52,104,461,461,922
2439,2440,NORFOLK ISLAND,2012,,239,241,480,53,52,105,292,293,585
2440,2441,NORFOLK ISLAND,2013,,208,209,417,54,54,108,262,263,525
2441,2442,NORFOLK ISLAND,2014,,208,208,416,54,53,107,262,261,523
2442,2443,NORFOLK ISLAND,2015,,207,208,415,54,53,107,261,261,522
2443,2444,NORFOLK ISLAND,2016,,214,214,428,53,53,106,267,267,534
2444,2445,NORFOLK ISLAND,2017,,224,224,448,21,21,42,245,245,490
2445,2446,NORFOLK ISLAND,2018,,232,232,464,0,0,0,232,232,464
2446,2447,NORFOLK ISLAND,2019,,240,239,479,18,18,36,258,257,515
2447,2448,NORFOLK ISLAND,2020,,162,160,322,12,12,24,174,172,346
2448,2449,OLYMPIC DAM,1985,,876,883,1759,0,0,0,876,883,1759
2449,2450,OLYMPIC DAM,1986,,741,740,1481,0,0,0,741,740,1481
2450,2451,OLYMPIC DAM,1987,,1345,1313,2658,0,0,0,1345,1313,2658
2451,2452,OLYMPIC DAM,1988,,1277,1285,2562,0,0,0,1277,1285,2562
2452,2453,OLYMPIC DAM,1989,,987,988,1975,0,0,0,987,988,1975
2453,2454,OLYMPIC DAM,1990,,777,839,1616,0,0,0,777,839,1616
2454,2455,OLYMPIC DAM,1991,,699,702,1401,0,0,0,699,702,1401
2455,2456,OLYMPIC DAM,1992,,795,800,1595,0,0,0,795,800,1595
2456,2457,OLYMPIC DAM,1993,,825,825,1650,0,0,0,825,825,1650
2457,2458,OLYMPIC DAM,1994,,882,882,1764,0,0,0,882,882,1764
2458,2459,OLYMPIC DAM,1995,,984,982,1966,0,0,0,984,982,1966
2459,2460,OLYMPIC DAM,1996,,956,957,1913,0,0,0,956,957,1913
2460,2461,OLYMPIC DAM,1997,,1330,1326,2656,0,0,0,1330,1326,2656
2461,2462,OLYMPIC DAM,1998,,1338,1338,2676,0,0,0,1338,1338,2676
2462,2463,OLYMPIC DAM,1999,,1351,1351,2702,0,0,0,1351,1351,2702
2463,2464,OLYMPIC DAM,2000,,1306,1306,2612,0,0,0,1306,1306,2612
2464,2465,OLYMPIC DAM,2001,,912,912,1824,0,0,0,912,912,1824
2465,2466,OLYMPIC DAM,2002,,577,577,1154,0,0,0,577,577,1154
2466,2467,OLYMPIC DAM,2003,,822,825,1647,0,0,0,822,825,1647
2467,2468,OLYMPIC DAM,2004,,857,857,1714,0,0,0,857,857,1714
2468,2469,OLYMPIC DAM,2005,,869,867,1736,0,0,0,869,867,1736
2469,2470,OLYMPIC DAM,2006,,1132,1133,2265,0,0,0,1132,1133,2265
2470,2471,OLYMPIC DAM,2007,,1281,1281,2562,0,0,0,1281,1281,2562
2471,2472,OLYMPIC DAM,2008,,1131,1131,2262,0,0,0,1131,1131,2262
2472,2473,OLYMPIC DAM,2009,,1014,1014,2028,0,0,0,1014,1014,2028
2473,2474,OLYMPIC DAM,2010,,888,879,1767,0,0,0,888,879,1767
2474,2475,OLYMPIC DAM,2011,,1051,1054,2105,0,0,0,1051,1054,2105
2475,2476,OLYMPIC DAM,2012,,1363,1374,2737,0,0,0,1363,1374,2737
2476,2477,OLYMPIC DAM,2013,,1140,1143,2283,0,0,0,1140,1143,2283
2477,2478,OLYMPIC DAM,2014,,1145,1132,2277,0,0,0,1145,1132,2277
2478,2479,OLYMPIC DAM,2015,,986,985,1971,0,0,0,986,985,1971
2479,2480,OLYMPIC DAM,2016,,753,749,1502,0,0,0,753,749,1502
2480,2481,OLYMPIC DAM,2017,,963,956,1919,0,0,0,963,956,1919
2481,2482,OLYMPIC DAM,2018,,1004,995,1999,0,0,0,1004,995,1999
2482,2483,OLYMPIC DAM,2019,,1046,1029,2075,0,0,0,1046,1029,2075
2483,2484,OLYMPIC DAM,2020,,764,729,1493,0,0,0,764,729,1493
2484,2485,ORANGE,1985,20,4307,4353,8660,0,0,0,4307,4353,8660
2485,2486,ORANGE,1986,22,4013,4314,8327,0,0,0,4013,4314,8327
2486,2487,ORANGE,1987,17,4998,5164,10162,0,0,0,4998,5164,10162
2487,2488,ORANGE,1988,17,4830,4789,9619,0,0,0,4830,4789,9619
2488,2489,ORANGE,1989,29,2568,2711,5279,0,0,0,2568,2711,5279
2489,2490,ORANGE,1990,19,3931,4024,7955,0,0,0,3931,4024,7955
2490,2491,ORANGE,1991,32,2850,2922,5772,0,0,0,2850,2922,5772
2491,2492,ORANGE,1992,,2087,2049,4136,0,0,0,2087,2049,4136
2492,2493,ORANGE,1993,,2465,2345,4810,0,0,0,2465,2345,4810
2493,2494,ORANGE,1994,30,3138,3084,6222,0,0,0,3138,3084,6222
2494,2495,ORANGE,1995,37,2543,2551,5094,0,0,0,2543,2551,5094
2495,2496,ORANGE,1996,,2405,2382,4787,0,0,0,2405,2382,4787
2496,2497,ORANGE,1997,,2372,2360,4732,0,0,0,2372,2360,4732
2497,2498,ORANGE,1998,,1785,1773,3558,0,0,0,1785,1773,3558
2498,2499,ORANGE,1999,,1558,1614,3172,0,0,0,1558,1614,3172
2499,2500,ORANGE,2000,,1501,1618,3119,0,0,0,1501,1618,3119
2500,2501,ORANGE,2001,,1475,1545,3020,0,0,0,1475,1545,3020
2501,2502,ORANGE,2002,,1544,1566,3110,0,0,0,1544,1566,3110
2502,2503,ORANGE,2003,,1133,1131,2264,0,0,0,1133,1131,2264
2503,2504,ORANGE,2004,,1252,1253,2505,0,0,0,1252,1253,2505
2504,2505,ORANGE,2005,,1247,1247,2494,0,0,0,1247,1247,2494
2505,2506,ORANGE,2006,,1259,1261,2520,0,0,0,1259,1261,2520
2506,2507,ORANGE,2007,,1260,1255,2515,0,0,0,1260,1255,2515
2507,2508,ORANGE,2008,,1270,1271,2541,0,0,0,1270,1271,2541
2508,2509,ORANGE,2009,,1200,1203,2403,0,0,0,1200,1203,2403
2509,2510,ORANGE,2010,,1160,1152,2312,0,0,0,1160,1152,2312
2510,2511,ORANGE,2011,,1177,1175,2352,0,0,0,1177,1175,2352
2511,2512,ORANGE,2012,,1437,1425,2862,0,0,0,1437,1425,2862
2512,2513,ORANGE,2013,,1847,1843,3690,0,0,0,1847,1843,3690
2513,2514,ORANGE,2014,,1250,1245,2495,0,0,0,1250,1245,2495
2514,2515,ORANGE,2015,,1204,1200,2404,0,0,0,1204,1200,2404
2515,2516,ORANGE,2016,,1199,1191,2390,0,0,0,1199,1191,2390
2516,2517,ORANGE,2017,,1421,1416,2837,0,0,0,1421,1416,2837
2517,2518,ORANGE,2018,,1809,1797,3606,0,0,0,1809,1797,3606
2518,2519,ORANGE,2019,,1994,1861,3855,0,0,0,1994,1861,3855
2519,2520,ORANGE,2020,,839,832,1671,0,0,0,839,832,1671
2520,2521,PALM ISLAND,1985,,786,790,1576,0,0,0,786,790,1576
2521,2522,PALM ISLAND,1986,,690,715,1405,0,0,0,690,715,1405
2522,2523,PALM ISLAND,1987,,564,564,1128,0,0,0,564,564,1128
2523,2524,PALM ISLAND,1988,,0,0,0,0,0,0,0,0,0
2524,2525,PALM ISLAND,1989,,0,0,0,0,0,0,0,0,0
2525,2526,PALM ISLAND,1990,,0,0,0,0,0,0,0,0,0
2526,2527,PALM ISLAND,1991,,0,0,0,0,0,0,0,0,0
2527,2528,PALM ISLAND,1992,,0,0,0,0,0,0,0,0,0
2528,2529,PALM ISLAND,1993,,0,0,0,0,0,0,0,0,0
2529,2530,PALM ISLAND,1994,,0,0,0,0,0,0,0,0,0
2530,2531,PALM ISLAND,1995,,0,0,0,0,0,0,0,0,0
2531,2532,PALM ISLAND,1996,,0,0,0,0,0,0,0,0,0
2532,2533,PALM ISLAND,1997,,0,0,0,0,0,0,0,0,0
2533,2534,PALM ISLAND,1998,,0,0,0,0,0,0,0,0,0
2534,2535,PALM ISLAND,1999,,0,0,0,0,0,0,0,0,0
2535,2536,PALM ISLAND,2000,,0,0,0,0,0,0,0,0,0
2536,2537,PALM ISLAND,2001,,0,0,0,0,0,0,0,0,0
2537,2538,PALM ISLAND,2002,,385,385,770,0,0,0,385,385,770
2538,2539,PALM ISLAND,2003,,1404,1404,2808,0,0,0,1404,1404,2808
2539,2540,PALM ISLAND,2004,,1296,1296,2592,0,0,0,1296,1296,2592
2540,2541,PALM ISLAND,2005,,2230,2232,4462,0,0,0,2230,2232,4462
2541,2542,PALM ISLAND,2006,,1861,1861,3722,0,0,0,1861,1861,3722
2542,2543,PALM ISLAND,2007,,1158,1158,2316,0,0,0,1158,1158,2316
2543,2544,PALM ISLAND,2008,,927,928,1855,0,0,0,927,928,1855
2544,2545,PALM ISLAND,2009,,1922,1922,3844,0,0,0,1922,1922,3844
2545,2546,PALM ISLAND,2010,29,2506,2512,5018,0,0,0,2506,2512,5018
2546,2547,PALM ISLAND,2011,26,2983,3001,5984,0,0,0,2983,3001,5984
2547,2548,PALM ISLAND,2012,28,2911,2912,5823,0,0,0,2911,2912,5823
2548,2549,PALM ISLAND,2013,34,2551,2528,5079,0,0,0,2551,2528,5079
2549,2550,PALM ISLAND,2014,,2378,2362,4740,0,0,0,2378,2362,4740
2550,2551,PALM ISLAND,2015,,2497,2497,4994,0,0,0,2497,2497,4994
2551,2552,PALM ISLAND,2016,28,2590,2589,5179,0,0,0,2590,2589,5179
2552,2553,PALM ISLAND,2017,30,2583,2551,5134,0,0,0,2583,2551,5134
2553,2554,PALM ISLAND,2018,27,2622,2597,5219,0,0,0,2622,2597,5219
2554,2555,PALM ISLAND,2019,27,2592,2553,5145,0,0,0,2592,2553,5145
2555,2556,PALM ISLAND,2020,,2092,2065,4157,0,0,0,2092,2065,4157
2556,2557,PARABURDOO,1985,,1061,1052,2113,0,0,0,1061,1052,2113
2557,2558,PARABURDOO,1986,,739,736,1475,0,0,0,739,736,1475
2558,2559,PARABURDOO,1987,,703,713,1416,0,0,0,703,713,1416
2559,2560,PARABURDOO,1988,,757,759,1516,0,0,0,757,759,1516
2560,2561,PARABURDOO,1989,,556,555,1111,0,0,0,556,555,1111
2561,2562,PARABURDOO,1990,,647,647,1294,0,0,0,647,647,1294
2562,2563,PARABURDOO,1991,,638,638,1276,0,0,0,638,638,1276
2563,2564,PARABURDOO,1992,,667,668,1335,0,0,0,667,668,1335
2564,2565,PARABURDOO,1993,,639,642,1281,0,0,0,639,642,1281
2565,2566,PARABURDOO,1994,,649,649,1298,0,0,0,649,649,1298
2566,2567,PARABURDOO,1995,,682,679,1361,0,0,0,682,679,1361
2567,2568,PARABURDOO,1996,,642,641,1283,0,0,0,642,641,1283
2568,2569,PARABURDOO,1997,,629,625,1254,0,0,0,629,625,1254
2569,2570,PARABURDOO,1998,,600,599,1199,0,0,0,600,599,1199
2570,2571,PARABURDOO,1999,,573,573,1146,0,0,0,573,573,1146
2571,2572,PARABURDOO,2000,,575,574,1149,0,0,0,575,574,1149
2572,2573,PARABURDOO,2001,,583,582,1165,0,0,0,583,582,1165
2573,2574,PARABURDOO,2002,,627,627,1254,0,0,0,627,627,1254
2574,2575,PARABURDOO,2003,,628,628,1256,0,0,0,628,628,1256
2575,2576,PARABURDOO,2004,,633,631,1264,0,0,0,633,631,1264
2576,2577,PARABURDOO,2005,,672,672,1344,0,0,0,672,672,1344
2577,2578,PARABURDOO,2006,,634,635,1269,0,0,0,634,635,1269
2578,2579,PARABURDOO,2007,,713,713,1426,0,0,0,713,713,1426
2579,2580,PARABURDOO,2008,,809,807,1616,0,0,0,809,807,1616
2580,2581,PARABURDOO,2009,,966,959,1925,0,0,0,966,959,1925
2581,2582,PARABURDOO,2010,,1242,1240,2482,0,0,0,1242,1240,2482
2582,2583,PARABURDOO,2011,,1526,1526,3052,0,0,0,1526,1526,3052
2583,2584,PARABURDOO,2012,,1946,1941,3887,0,0,0,1946,1941,3887
2584,2585,PARABURDOO,2013,,1561,1558,3119,0,0,0,1561,1558,3119
2585,2586,PARABURDOO,2014,,1505,1499,3004,0,0,0,1505,1499,3004
2586,2587,PARABURDOO,2015,,1418,1413,2831,0,0,0,1418,1413,2831
2587,2588,PARABURDOO,2016,,1268,1252,2520,0,0,0,1268,1252,2520
2588,2589,PARABURDOO,2017,,1244,1234,2478,0,0,0,1244,1234,2478
2589,2590,PARABURDOO,2018,,1161,1153,2314,0,0,0,1161,1153,2314
2590,2591,PARABURDOO,2019,,1183,1180,2363,0,0,0,1183,1180,2363
2591,2592,PARABURDOO,2020,,821,820,1641,0,0,0,821,820,1641
2592,2593,PARKES,1985,,1239,1239,2478,0,0,0,1239,1239,2478
2593,2594,PARKES,1986,,1175,1175,2350,0,0,0,1175,1175,2350
2594,2595,PARKES,1987,,1455,1455,2910,0,0,0,1455,1455,2910
2595,2596,PARKES,1988,,1439,1285,2724,0,0,0,1439,1285,2724
2596,2597,PARKES,1989,,1571,1572,3143,0,0,0,1571,1572,3143
2597,2598,PARKES,1990,,2094,2122,4216,0,0,0,2094,2122,4216
2598,2599,PARKES,1991,,900,920,1820,0,0,0,900,920,1820
2599,2600,PARKES,1992,,915,932,1847,0,0,0,915,932,1847
2600,2601,PARKES,1993,,995,1001,1996,0,0,0,995,1001,1996
2601,2602,PARKES,1994,,984,1021,2005,0,0,0,984,1021,2005
2602,2603,PARKES,1995,,939,945,1884,0,0,0,939,945,1884
2603,2604,PARKES,1996,,978,986,1964,0,0,0,978,986,1964
2604,2605,PARKES,1997,,990,994,1984,0,0,0,990,994,1984
2605,2606,PARKES,1998,,1047,1046,2093,0,0,0,1047,1046,2093
2606,2607,PARKES,1999,,994,1033,2027,0,0,0,994,1033,2027
2607,2608,PARKES,2000,,1005,993,1998,0,0,0,1005,993,1998
2608,2609,PARKES,2001,,874,834,1708,0,0,0,874,834,1708
2609,2610,PARKES,2002,,818,809,1627,0,0,0,818,809,1627
2610,2611,PARKES,2003,,915,914,1829,0,0,0,915,914,1829
2611,2612,PARKES,2004,,928,925,1853,0,0,0,928,925,1853
2612,2613,PARKES,2005,,934,934,1868,0,0,0,934,934,1868
2613,2614,PARKES,2006,,924,926,1850,0,0,0,924,926,1850
2614,2615,PARKES,2007,,887,887,1774,0,0,0,887,887,1774
2615,2616,PARKES,2008,,921,923,1844,0,0,0,921,923,1844
2616,2617,PARKES,2009,,908,908,1816,0,0,0,908,908,1816
2617,2618,PARKES,2010,,896,895,1791,0,0,0,896,895,1791
2618,2619,PARKES,2011,,890,888,1778,0,0,0,890,888,1778
2619,2620,PARKES,2012,,953,903,1856,0,0,0,953,903,1856
2620,2621,PARKES,2013,,901,878,1779,0,0,0,901,878,1779
2621,2622,PARKES,2014,,870,1043,1913,0,0,0,870,1043,1913
2622,2623,PARKES,2015,,863,1089,1952,0,0,0,863,1089,1952
2623,2624,PARKES,2016,,880,940,1820,0,0,0,880,940,1820
2624,2625,PARKES,2017,,881,875,1756,0,0,0,881,875,1756
2625,2626,PARKES,2018,,901,900,1801,0,0,0,901,900,1801
2626,2627,PARKES,2019,,1078,1076,2154,0,0,0,1078,1076,2154
2627,2628,PARKES,2020,,557,556,1113,0,0,0,557,556,1113
2628,2629,PERTH,1985,5,20289,20147,40436,1476,1473,2949,21765,21620,43385
2629,2630,PERTH,1986,5,19640,19598,39238,1642,1638,3280,21282,21236,42518
2630,2631,PERTH,1987,5,14317,14228,28545,1655,1652,3307,15972,15880,31852
2631,2632,PERTH,1988,5,14341,14268,28609,1667,1668,3335,16008,15936,31944
2632,2633,PERTH,1989,5,11842,11790,23632,2113,2115,4228,13955,13905,27860
2633,2634,PERTH,1990,5,14173,14238,28411,2424,2425,4849,16597,16663,33260
2634,2635,PERTH,1991,5,16445,16607,33052,2677,2674,5351,19122,19281,38403
2635,2636,PERTH,1992,5,16436,16535,32971,2954,2953,5907,19390,19488,38878
2636,2637,PERTH,1993,5,17569,17515,35084,3560,3561,7121,21129,21076,42205
2637,2638,PERTH,1994,5,19691,19699,39390,3681,3681,7362,23372,23380,46752
2638,2639,PERTH,1995,5,22293,22219,44512,4072,4095,8167,26365,26314,52679
2639,2640,PERTH,1996,5,23716,23712,47428,4459,4458,8917,28175,28170,56345
2640,2641,PERTH,1997,5,23976,24032,48008,4366,4359,8725,28342,28391,56733
2641,2642,PERTH,1998,5,22656,22698,45354,4580,4584,9164,27236,27282,54518
2642,2643,PERTH,1999,5,22467,22503,44970,4800,4804,9604,27267,27307,54574
2643,2644,PERTH,2000,5,23095,23104,46199,5051,5052,10103,28146,28156,56302
2644,2645,PERTH,2001,5,20869,20881,41750,4577,4564,9141,25446,25445,50891
2645,2646,PERTH,2002,5,18388,18417,36805,4170,4165,8335,22558,22582,45140
2646,2647,PERTH,2003,5,20387,20376,40763,4374,4424,8798,24761,24800,49561
2647,2648,PERTH,2004,5,22442,22418,44860,4737,4787,9524,27179,27205,54384
2648,2649,PERTH,2005,5,23306,23277,46583,5368,5406,10774,28674,28683,57357
2649,2650,PERTH,2006,5,24475,24466,48941,5149,5151,10300,29624,29617,59241
2650,2651,PERTH,2007,5,26500,26502,53002,5996,5996,11992,32496,32498,64994
2651,2652,PERTH,2008,5,30505,30446,60951,6716,6706,13422,37221,37152,74373
2652,2653,PERTH,2009,4,32213,32142,64355,7944,7935,15879,40157,40077,80234
2653,2654,PERTH,2010,4,33814,33813,67627,8920,8923,17843,42734,42736,85470
2654,2655,PERTH,2011,4,35335,35489,70824,9557,9558,19115,44892,45047,89939
2655,2656,PERTH,2012,4,39003,39118,78121,9963,9957,19920,48966,49075,98041
2656,2657,PERTH,2013,4,38733,38814,77547,11254,11250,22504,49987,50064,100051
2657,2658,PERTH,2014,4,37782,37813,75595,11839,11846,23685,49621,49659,99280
2658,2659,PERTH,2015,4,36873,36823,73696,10869,10839,21708,47742,47662,95404
2659,2660,PERTH,2016,4,35895,35983,71878,11367,11368,22735,47262,47351,94613
2660,2661,PERTH,2017,4,34878,35066,69944,11165,11142,22307,46043,46208,92251
2661,2662,PERTH,2018,4,35022,35071,70093,11390,11382,22772,46412,46453,92865
2662,2663,PERTH,2019,4,35369,35332,70701,10836,10844,21680,46205,46176,92381
2663,2664,PERTH,2020,4,17254,17228,34482,3577,3576,7153,20831,20804,41635
2664,2665,PORT HEDLAND,1985,26,3116,3015,6131,68,68,136,3184,3083,6267
2665,2666,PORT HEDLAND,1986,26,2853,2856,5709,52,52,104,2905,2908,5813
2666,2667,PORT HEDLAND,1987,28,2662,2652,5314,52,52,104,2714,2704,5418
2667,2668,PORT HEDLAND,1988,,2387,2451,4838,53,53,106,2440,2504,4944
2668,2669,PORT HEDLAND,1989,,1733,1768,3501,51,51,102,1784,1819,3603
2669,2670,PORT HEDLAND,1990,,1859,1897,3756,52,52,104,1911,1949,3860
2670,2671,PORT HEDLAND,1991,,1814,1811,3625,52,52,104,1866,1863,3729
2671,2672,PORT HEDLAND,1992,,1676,1676,3352,53,53,106,1729,1729,3458
2672,2673,PORT HEDLAND,1993,,1772,1769,3541,53,53,106,1825,1822,3647
2673,2674,PORT HEDLAND,1994,,1872,1872,3744,33,33,66,1905,1905,3810
2674,2675,PORT HEDLAND,1995,,2176,2173,4349,21,21,42,2197,2194,4391
2675,2676,PORT HEDLAND,1996,,2453,2462,4915,39,39,78,2492,2501,4993
2676,2677,PORT HEDLAND,1997,,2102,2075,4177,49,50,99,2151,2125,4276
2677,2678,PORT HEDLAND,1998,,1946,1936,3882,51,51,102,1997,1987,3984
2678,2679,PORT HEDLAND,1999,,1209,1205,2414,50,51,101,1259,1256,2515
2679,2680,PORT HEDLAND,2000,,1265,1265,2530,0,0,0,1265,1265,2530
2680,2681,PORT HEDLAND,2001,,1320,1318,2638,0,0,0,1320,1318,2638
2681,2682,PORT HEDLAND,2002,,1194,1194,2388,0,0,0,1194,1194,2388
2682,2683,PORT HEDLAND,2003,,1180,1179,2359,0,0,0,1180,1179,2359
2683,2684,PORT HEDLAND,2004,,1368,1368,2736,0,0,0,1368,1368,2736
2684,2685,PORT HEDLAND,2005,,1265,1260,2525,0,0,0,1265,1260,2525
2685,2686,PORT HEDLAND,2006,,1032,1029,2061,0,0,0,1032,1029,2061
2686,2687,PORT HEDLAND,2007,,1125,1123,2248,0,0,0,1125,1123,2248
2687,2688,PORT HEDLAND,2008,,1481,1479,2960,0,0,0,1481,1479,2960
2688,2689,PORT HEDLAND,2009,,1351,1348,2699,0,0,0,1351,1348,2699
2689,2690,PORT HEDLAND,2010,,2266,2084,4350,22,22,44,2288,2106,4394
2690,2691,PORT HEDLAND,2011,30,2589,2399,4988,12,12,24,2601,2411,5012
2691,2692,PORT HEDLAND,2012,26,2988,2907,5895,0,0,0,2988,2907,5895
2692,2693,PORT HEDLAND,2013,29,2966,2910,5876,0,0,0,2966,2910,5876
2693,2694,PORT HEDLAND,2014,30,2832,2770,5602,0,0,0,2832,2770,5602
2694,2695,PORT HEDLAND,2015,29,2661,2606,5267,34,34,68,2695,2640,5335
2695,2696,PORT HEDLAND,2016,,2475,2412,4887,53,53,106,2528,2465,4993
2696,2697,PORT HEDLAND,2017,,2321,2244,4565,49,48,97,2370,2292,4662
2697,2698,PORT HEDLAND,2018,,2282,2247,4529,51,51,102,2333,2298,4631
2698,2699,PORT HEDLAND,2019,,2381,2362,4743,51,51,102,2432,2413,4845
2699,2700,PORT HEDLAND,2020,,1376,1388,2764,10,10,20,1386,1398,2784
2700,2701,PORT LINCOLN,1985,24,3182,3170,6352,0,0,0,3182,3170,6352
2701,2702,PORT LINCOLN,1986,17,4942,4919,9861,0,0,0,4942,4919,9861
2702,2703,PORT LINCOLN,1987,,2497,2495,4992,0,0,0,2497,2495,4992
2703,2704,PORT LINCOLN,1988,25,3178,3164,6342,0,0,0,3178,3164,6342
2704,2705,PORT LINCOLN,1989,23,3104,3071,6175,0,0,0,3104,3071,6175
2705,2706,PORT LINCOLN,1990,27,2818,2820,5638,0,0,0,2818,2820,5638
2706,2707,PORT LINCOLN,1991,30,2963,2963,5926,0,0,0,2963,2963,5926
2707,2708,PORT LINCOLN,1992,30,2857,2894,5751,0,0,0,2857,2894,5751
2708,2709,PORT LINCOLN,1993,32,2817,2820,5637,0,0,0,2817,2820,5637
2709,2710,PORT LINCOLN,1994,32,2836,2836,5672,0,0,0,2836,2836,5672
2710,2711,PORT LINCOLN,1995,35,2820,2822,5642,0,0,0,2820,2822,5642
2711,2712,PORT LINCOLN,1996,33,3315,3314,6629,0,0,0,3315,3314,6629
2712,2713,PORT LINCOLN,1997,28,3336,3340,6676,0,0,0,3336,3340,6676
2713,2714,PORT LINCOLN,1998,32,3335,3337,6672,0,0,0,3335,3337,6672
2714,2715,PORT LINCOLN,1999,32,3085,3082,6167,0,0,0,3085,3082,6167
2715,2716,PORT LINCOLN,2000,33,2976,2974,5950,0,0,0,2976,2974,5950
2716,2717,PORT LINCOLN,2001,29,2946,2943,5889,0,0,0,2946,2943,5889
2717,2718,PORT LINCOLN,2002,27,2968,2962,5930,0,0,0,2968,2962,5930
2718,2719,PORT LINCOLN,2003,24,3086,3093,6179,0,0,0,3086,3093,6179
2719,2720,PORT LINCOLN,2004,20,3500,3453,6953,0,0,0,3500,3453,6953
2720,2721,PORT LINCOLN,2005,25,3065,3070,6135,0,0,0,3065,3070,6135
2721,2722,PORT LINCOLN,2006,25,2902,2901,5803,0,0,0,2902,2901,5803
2722,2723,PORT LINCOLN,2007,28,2735,2735,5470,0,0,0,2735,2735,5470
2723,2724,PORT LINCOLN,2008,24,3021,3020,6041,0,0,0,3021,3020,6041
2724,2725,PORT LINCOLN,2009,23,2944,2944,5888,0,0,0,2944,2944,5888
2725,2726,PORT LINCOLN,2010,17,3798,3796,7594,0,0,0,3798,3796,7594
2726,2727,PORT LINCOLN,2011,19,3613,3610,7223,0,0,0,3613,3610,7223
2727,2728,PORT LINCOLN,2012,20,3532,3521,7053,0,0,0,3532,3521,7053
2728,2729,PORT LINCOLN,2013,22,3508,3500,7008,0,0,0,3508,3500,7008
2729,2730,PORT LINCOLN,2014,22,3526,3524,7050,0,0,0,3526,3524,7050
2730,2731,PORT LINCOLN,2015,19,3660,3655,7315,0,0,0,3660,3655,7315
2731,2732,PORT LINCOLN,2016,18,3729,3722,7451,0,0,0,3729,3722,7451
2732,2733,PORT LINCOLN,2017,20,3719,3711,7430,0,0,0,3719,3711,7430
2733,2734,PORT LINCOLN,2018,20,3641,3633,7274,0,0,0,3641,3633,7274
2734,2735,PORT LINCOLN,2019,19,3715,3711,7426,0,0,0,3715,3711,7426
2735,2736,PORT LINCOLN,2020,,1683,1681,3364,0,0,0,1683,1681,3364
2736,2737,PORT MACQUARIE,1985,28,2827,2843,5670,0,0,0,2827,2843,5670
2737,2738,PORT MACQUARIE,1986,30,2681,2692,5373,0,0,0,2681,2692,5373
2738,2739,PORT MACQUARIE,1987,23,3392,3409,6801,0,0,0,3392,3409,6801
2739,2740,PORT MACQUARIE,1988,23,3368,3380,6748,0,0,0,3368,3380,6748
2740,2741,PORT MACQUARIE,1989,21,3216,3203,6419,0,0,0,3216,3203,6419
2741,2742,PORT MACQUARIE,1990,22,3727,3719,7446,0,0,0,3727,3719,7446
2742,2743,PORT MACQUARIE,1991,16,4666,4787,9453,0,0,0,4666,4787,9453
2743,2744,PORT MACQUARIE,1992,28,2983,3002,5985,0,0,0,2983,3002,5985
2744,2745,PORT MACQUARIE,1993,18,5215,5237,10452,0,0,0,5215,5237,10452
2745,2746,PORT MACQUARIE,1994,13,6439,6426,12865,0,0,0,6439,6426,12865
2746,2747,PORT MACQUARIE,1995,19,4866,4953,9819,0,0,0,4866,4953,9819
2747,2748,PORT MACQUARIE,1996,19,4896,5037,9933,0,0,0,4896,5037,9933
2748,2749,PORT MACQUARIE,1997,19,5251,5236,10487,0,0,0,5251,5236,10487
2749,2750,PORT MACQUARIE,1998,19,5034,5042,10076,0,0,0,5034,5042,10076
2750,2751,PORT MACQUARIE,1999,18,4967,4964,9931,0,0,0,4967,4964,9931
2751,2752,PORT MACQUARIE,2000,21,4767,4764,9531,0,0,0,4767,4764,9531
2752,2753,PORT MACQUARIE,2001,23,3776,3767,7543,0,0,0,3776,3767,7543
2753,2754,PORT MACQUARIE,2002,24,3083,3076,6159,0,0,0,3083,3076,6159
2754,2755,PORT MACQUARIE,2003,,1498,1492,2990,0,0,0,1498,1492,2990
2755,2756,PORT MACQUARIE,2004,,1634,1634,3268,0,0,0,1634,1634,3268
2756,2757,PORT MACQUARIE,2005,,1972,1967,3939,0,0,0,1972,1967,3939
2757,2758,PORT MACQUARIE,2006,28,2551,2548,5099,0,0,0,2551,2548,5099
2758,2759,PORT MACQUARIE,2007,26,2838,2824,5662,0,0,0,2838,2824,5662
2759,2760,PORT MACQUARIE,2008,25,2856,2881,5737,0,0,0,2856,2881,5737
2760,2761,PORT MACQUARIE,2009,27,2694,2694,5388,0,0,0,2694,2694,5388
2761,2762,PORT MACQUARIE,2010,27,2889,2891,5780,0,0,0,2889,2891,5780
2762,2763,PORT MACQUARIE,2011,,2375,2373,4748,0,0,0,2375,2373,4748
2763,2764,PORT MACQUARIE,2012,32,2682,2675,5357,0,0,0,2682,2675,5357
2764,2765,PORT MACQUARIE,2013,32,2689,2682,5371,0,0,0,2689,2682,5371
2765,2766,PORT MACQUARIE,2014,27,2967,2965,5932,0,0,0,2967,2965,5932
2766,2767,PORT MACQUARIE,2015,28,2708,2704,5412,0,0,0,2708,2704,5412
2767,2768,PORT MACQUARIE,2016,27,2707,2701,5408,0,0,0,2707,2701,5408
2768,2769,PORT MACQUARIE,2017,27,2648,2643,5291,0,0,0,2648,2643,5291
2769,2770,PORT MACQUARIE,2018,,2219,2210,4429,0,0,0,2219,2210,4429
2770,2771,PORT MACQUARIE,2019,,2317,2315,4632,0,0,0,2317,2315,4632
2771,2772,PORT MACQUARIE,2020,,985,984,1969,0,0,0,985,984,1969
2772,2773,PROSERPINE,1985,,883,883,1766,0,0,0,883,883,1766
2773,2774,PROSERPINE,1986,,995,998,1993,0,0,0,995,998,1993
2774,2775,PROSERPINE,1987,,1022,1027,2049,0,0,0,1022,1027,2049
2775,2776,PROSERPINE,1988,,1005,1005,2010,0,0,0,1005,1005,2010
2776,2777,PROSERPINE,1989,,778,776,1554,0,0,0,778,776,1554
2777,2778,PROSERPINE,1990,,590,587,1177,0,0,0,590,587,1177
2778,2779,PROSERPINE,1991,,448,448,896,0,0,0,448,448,896
2779,2780,PROSERPINE,1992,,456,451,907,0,0,0,456,451,907
2780,2781,PROSERPINE,1993,,683,690,1373,0,0,0,683,690,1373
2781,2782,PROSERPINE,1994,,1241,1245,2486,0,0,0,1241,1245,2486
2782,2783,PROSERPINE,1995,,1517,1517,3034,0,0,0,1517,1517,3034
2783,2784,PROSERPINE,1996,,1432,1432,2864,0,0,0,1432,1432,2864
2784,2785,PROSERPINE,1997,,1507,1509,3016,0,0,0,1507,1509,3016
2785,2786,PROSERPINE,1998,,1513,1511,3024,0,0,0,1513,1511,3024
2786,2787,PROSERPINE,1999,,1563,1556,3119,0,0,0,1563,1556,3119
2787,2788,PROSERPINE,2000,,1094,1085,2179,0,0,0,1094,1085,2179
2788,2789,PROSERPINE,2001,,511,513,1024,0,0,0,511,513,1024
2789,2790,PROSERPINE,2002,,617,617,1234,0,0,0,617,617,1234
2790,2791,PROSERPINE,2003,,551,551,1102,0,0,0,551,551,1102
2791,2792,PROSERPINE,2004,,767,767,1534,0,0,0,767,767,1534
2792,2793,PROSERPINE,2005,,1068,1069,2137,0,0,0,1068,1069,2137
2793,2794,PROSERPINE,2006,,935,938,1873,0,0,0,935,938,1873
2794,2795,PROSERPINE,2007,,934,931,1865,0,0,0,934,931,1865
2795,2796,PROSERPINE,2008,,847,844,1691,0,0,0,847,844,1691
2796,2797,PROSERPINE,2009,,728,727,1455,0,0,0,728,727,1455
2797,2798,PROSERPINE,2010,,724,724,1448,0,0,0,724,724,1448
2798,2799,PROSERPINE,2011,,715,715,1430,0,0,0,715,715,1430
2799,2800,PROSERPINE,2012,,936,935,1871,0,0,0,936,935,1871
2800,2801,PROSERPINE,2013,,956,955,1911,0,0,0,956,955,1911
2801,2802,PROSERPINE,2014,,1084,1083,2167,0,0,0,1084,1083,2167
2802,2803,PROSERPINE,2015,,1246,1243,2489,0,0,0,1246,1243,2489
2803,2804,PROSERPINE,2016,,1161,1161,2322,0,0,0,1161,1161,2322
2804,2805,PROSERPINE,2017,,1496,1494,2990,0,0,0,1496,1494,2990
2805,2806,PROSERPINE,2018,,1508,1507,3015,0,0,0,1508,1507,3015
2806,2807,PROSERPINE,2019,,1475,1470,2945,0,0,0,1475,1470,2945
2807,2808,PROSERPINE,2020,,807,805,1612,0,0,0,807,805,1612
2808,2809,ROCKHAMPTON,1985,14,5311,5325,10636,0,0,0,5311,5325,10636
2809,2810,ROCKHAMPTON,1986,16,5591,5583,11174,0,0,0,5591,5583,11174
2810,2811,ROCKHAMPTON,1987,15,5517,5506,11023,0,0,0,5517,5506,11023
2811,2812,ROCKHAMPTON,1988,12,5598,5675,11273,0,0,0,5598,5675,11273
2812,2813,ROCKHAMPTON,1989,11,5206,5102,10308,0,0,0,5206,5102,10308
2813,2814,ROCKHAMPTON,1990,12,4594,4630,9224,0,0,0,4594,4630,9224
2814,2815,ROCKHAMPTON,1991,11,5874,5869,11743,0,0,0,5874,5869,11743
2815,2816,ROCKHAMPTON,1992,12,6007,5999,12006,0,0,0,6007,5999,12006
2816,2817,ROCKHAMPTON,1993,13,6102,6090,12192,0,0,0,6102,6090,12192
2817,2818,ROCKHAMPTON,1994,15,6163,6169,12332,0,0,0,6163,6169,12332
2818,2819,ROCKHAMPTON,1995,11,6927,6923,13850,0,0,0,6927,6923,13850
2819,2820,ROCKHAMPTON,1996,11,6843,6849,13692,0,0,0,6843,6849,13692
2820,2821,ROCKHAMPTON,1997,12,6660,6633,13293,0,0,0,6660,6633,13293
2821,2822,ROCKHAMPTON,1998,14,6056,6057,12113,0,0,0,6056,6057,12113
2822,2823,ROCKHAMPTON,1999,16,5387,5384,10771,0,0,0,5387,5384,10771
2823,2824,ROCKHAMPTON,2000,19,5249,5258,10507,0,0,0,5249,5258,10507
2824,2825,ROCKHAMPTON,2001,19,4522,4524,9046,0,0,0,4522,4524,9046
2825,2826,ROCKHAMPTON,2002,21,3383,3385,6768,0,0,0,3383,3385,6768
2826,2827,ROCKHAMPTON,2003,19,3616,3616,7232,0,0,0,3616,3616,7232
2827,2828,ROCKHAMPTON,2004,15,4615,4615,9230,0,0,0,4615,4615,9230
2828,2829,ROCKHAMPTON,2005,13,6016,6012,12028,0,0,0,6016,6012,12028
2829,2830,ROCKHAMPTON,2006,13,5949,5910,11859,0,0,0,5949,5910,11859
2830,2831,ROCKHAMPTON,2007,14,5968,5777,11745,0,0,0,5968,5777,11745
2831,2832,ROCKHAMPTON,2008,14,5952,5847,11799,0,0,0,5952,5847,11799
2832,2833,ROCKHAMPTON,2009,14,6387,6355,12742,0,0,0,6387,6355,12742
2833,2834,ROCKHAMPTON,2010,13,7307,7295,14602,0,0,0,7307,7295,14602
2834,2835,ROCKHAMPTON,2011,15,6333,6270,12603,0,0,0,6333,6270,12603
2835,2836,ROCKHAMPTON,2012,14,6944,6721,13665,0,0,0,6944,6721,13665
2836,2837,ROCKHAMPTON,2013,15,6973,6785,13758,0,0,0,6973,6785,13758
2837,2838,ROCKHAMPTON,2014,15,6352,6151,12503,0,0,0,6352,6151,12503
2838,2839,ROCKHAMPTON,2015,15,5672,5467,11139,0,0,0,5672,5467,11139
2839,2840,ROCKHAMPTON,2016,15,5374,5162,10536,0,0,0,5374,5162,10536
2840,2841,ROCKHAMPTON,2017,15,5023,4809,9832,0,0,0,5023,4809,9832
2841,2842,ROCKHAMPTON,2018,15,4929,4778,9707,0,0,0,4929,4778,9707
2842,2843,ROCKHAMPTON,2019,15,4713,4658,9371,0,0,0,4713,4658,9371
2843,2844,ROCKHAMPTON,2020,14,2794,2735,5529,0,0,0,2794,2735,5529
2844,2845,ROMA,1985,,618,595,1213,0,0,0,618,595,1213
2845,2846,ROMA,1986,,522,522,1044,0,0,0,522,522,1044
2846,2847,ROMA,1987,,267,267,534,0,0,0,267,267,534
2847,2848,ROMA,1988,,0,0,0,0,0,0,0,0,0
2848,2849,ROMA,1989,,0,0,0,0,0,0,0,0,0
2849,2850,ROMA,1990,,0,0,0,0,0,0,0,0,0
2850,2851,ROMA,1991,,563,563,1126,0,0,0,563,563,1126
2851,2852,ROMA,1992,,681,681,1362,0,0,0,681,681,1362
2852,2853,ROMA,1993,,728,729,1457,0,0,0,728,729,1457
2853,2854,ROMA,1994,,758,758,1516,0,0,0,758,758,1516
2854,2855,ROMA,1995,,817,821,1638,0,0,0,817,821,1638
2855,2856,ROMA,1996,,823,821,1644,0,0,0,823,821,1644
2856,2857,ROMA,1997,,868,868,1736,0,0,0,868,868,1736
2857,2858,ROMA,1998,,879,879,1758,0,0,0,879,879,1758
2858,2859,ROMA,1999,,868,868,1736,0,0,0,868,868,1736
2859,2860,ROMA,2000,,859,852,1711,0,0,0,859,852,1711
2860,2861,ROMA,2001,,822,830,1652,0,0,0,822,830,1652
2861,2862,ROMA,2002,,768,768,1536,0,0,0,768,768,1536
2862,2863,ROMA,2003,,716,717,1433,0,0,0,716,717,1433
2863,2864,ROMA,2004,,743,744,1487,0,0,0,743,744,1487
2864,2865,ROMA,2005,,759,763,1522,0,0,0,759,763,1522
2865,2866,ROMA,2006,,778,778,1556,0,0,0,778,778,1556
2866,2867,ROMA,2007,,881,880,1761,0,0,0,881,880,1761
2867,2868,ROMA,2008,,840,841,1681,0,0,0,840,841,1681
2868,2869,ROMA,2009,,994,994,1988,0,0,0,994,994,1988
2869,2870,ROMA,2010,,1056,1056,2112,0,0,0,1056,1056,2112
2870,2871,ROMA,2011,,1480,1642,3122,0,0,0,1480,1642,3122
2871,2872,ROMA,2012,,2005,2006,4011,0,0,0,2005,2006,4011
2872,2873,ROMA,2013,31,2839,2839,5678,0,0,0,2839,2839,5678
2873,2874,ROMA,2014,24,3171,3199,6370,0,0,0,3171,3199,6370
2874,2875,ROMA,2015,,2221,2281,4502,0,0,0,2221,2281,4502
2875,2876,ROMA,2016,,1204,1200,2404,0,0,0,1204,1200,2404
2876,2877,ROMA,2017,,1050,1048,2098,0,0,0,1050,1048,2098
2877,2878,ROMA,2018,,1059,1057,2116,0,0,0,1059,1057,2116
2878,2879,ROMA,2019,,1126,1124,2250,0,0,0,1126,1124,2250
2879,2880,ROMA,2020,,569,568,1137,0,0,0,569,568,1137
2880,2881,SUNSHINE COAST,1985,,2167,2083,4250,0,0,0,2167,2083,4250
2881,2882,SUNSHINE COAST,1986,,2168,2089,4257,0,0,0,2168,2089,4257
2882,2883,SUNSHINE COAST,1987,,2359,2319,4678,0,0,0,2359,2319,4678
2883,2884,SUNSHINE COAST,1988,29,2882,2896,5778,0,0,0,2882,2896,5778
2884,2885,SUNSHINE COAST,1989,,1791,1786,3577,0,0,0,1791,1786,3577
2885,2886,SUNSHINE COAST,1990,,2177,2168,4345,0,0,0,2177,2168,4345
2886,2887,SUNSHINE COAST,1991,,1482,1477,2959,0,0,0,1482,1477,2959
2887,2888,SUNSHINE COAST,1992,,1344,1342,2686,0,0,0,1344,1342,2686
2888,2889,SUNSHINE COAST,1993,,2180,2177,4357,0,0,0,2180,2177,4357
2889,2890,SUNSHINE COAST,1994,35,2717,2709,5426,0,0,0,2717,2709,5426
2890,2891,SUNSHINE COAST,1995,25,3686,3676,7362,0,0,0,3686,3676,7362
2891,2892,SUNSHINE COAST,1996,23,4317,4311,8628,0,0,0,4317,4311,8628
2892,2893,SUNSHINE COAST,1997,33,3077,3084,6161,0,0,0,3077,3084,6161
2893,2894,SUNSHINE COAST,1998,33,3310,3307,6617,0,0,0,3310,3307,6617
2894,2895,SUNSHINE COAST,1999,23,4552,4555,9107,0,0,0,4552,4555,9107
2895,2896,SUNSHINE COAST,2000,20,4995,4994,9989,0,0,0,4995,4994,9989
2896,2897,SUNSHINE COAST,2001,24,3614,3613,7227,0,0,0,3614,3613,7227
2897,2898,SUNSHINE COAST,2002,,2252,2245,4497,0,0,0,2252,2245,4497
2898,2899,SUNSHINE COAST,2003,27,2708,2689,5397,0,0,0,2708,2689,5397
2899,2900,SUNSHINE COAST,2004,22,3432,3385,6817,0,0,0,3432,3385,6817
2900,2901,SUNSHINE COAST,2005,21,3639,3624,7263,0,0,0,3639,3624,7263
2901,2902,SUNSHINE COAST,2006,24,3036,3043,6079,0,0,0,3036,3043,6079
2902,2903,SUNSHINE COAST,2007,24,3012,3015,6027,0,0,0,3012,3015,6027
2903,2904,SUNSHINE COAST,2008,21,3381,3387,6768,0,0,0,3381,3387,6768
2904,2905,SUNSHINE COAST,2009,24,2923,2927,5850,0,0,0,2923,2927,5850
2905,2906,SUNSHINE COAST,2010,23,3306,3295,6601,0,0,0,3306,3295,6601
2906,2907,SUNSHINE COAST,2011,24,3127,3110,6237,0,0,0,3127,3110,6237
2907,2908,SUNSHINE COAST,2012,31,2700,2695,5395,24,24,48,2724,2719,5443
2908,2909,SUNSHINE COAST,2013,28,2950,2942,5892,34,34,68,2984,2976,5960
2909,2910,SUNSHINE COAST,2014,25,2954,2946,5900,42,42,84,2996,2988,5984
2910,2911,SUNSHINE COAST,2015,25,2970,2963,5933,57,57,114,3027,3020,6047
2911,2912,SUNSHINE COAST,2016,24,3494,3484,6978,76,75,151,3570,3559,7129
2912,2913,SUNSHINE COAST,2017,18,3973,3959,7932,55,55,110,4028,4014,8042
2913,2914,SUNSHINE COAST,2018,16,4257,4248,8505,62,61,123,4319,4309,8628
2914,2915,SUNSHINE COAST,2019,16,4409,4399,8808,63,62,125,4472,4461,8933
2915,2916,SUNSHINE COAST,2020,,1314,1312,2626,0,0,0,1314,1312,2626
2916,2917,SYDNEY,1985,1,57685,57541,115226,10093,9975,20068,67778,67516,135294
2917,2918,SYDNEY,1986,1,59776,59756,119532,11024,11007,22031,70800,70763,141563
2918,2919,SYDNEY,1987,1,61646,61510,123156,12470,12404,24874,74116,73914,148030
2919,2920,SYDNEY,1988,1,66207,66138,132345,14074,13881,27955,80281,80019,160300
2920,2921,SYDNEY,1989,1,55493,55222,110715,15806,15370,31176,71299,70592,141891
2921,2922,SYDNEY,1990,1,64379,64218,128597,16426,16086,32512,80805,80304,161109
2922,2923,SYDNEY,1991,1,70772,70500,141272,16070,15913,31983,86842,86413,173255
2923,2924,SYDNEY,1992,1,79276,79156,158432,17465,17348,34813,96741,96504,193245
2924,2925,SYDNEY,1993,1,84083,84143,168226,18172,18058,36230,102255,102201,204456
2925,2926,SYDNEY,1994,1,88979,88866,177845,17740,17827,35567,106719,106693,213412
2926,2927,SYDNEY,1995,1,94456,94643,189099,19516,19485,39001,113972,114128,228100
2927,2928,SYDNEY,1996,1,99695,99990,199685,21114,21069,42183,120809,121059,241868
2928,2929,SYDNEY,1997,1,100570,100864,201434,22357,21902,44259,122927,122766,245693
2929,2930,SYDNEY,1998,1,102143,102517,204660,23468,22976,46444,125611,125493,251104
2930,2931,SYDNEY,1999,1,101923,102181,204104,23143,22777,45920,125066,124958,250024
2931,2932,SYDNEY,2000,1,109807,109841,219648,25117,24691,49808,134924,134532,269456
2932,2933,SYDNEY,2001,1,106953,107064,214017,24420,23934,48354,131373,130998,262371
2933,2934,SYDNEY,2002,1,87424,87644,175068,23397,23061,46458,110821,110705,221526
2934,2935,SYDNEY,2003,1,90206,90276,180482,24646,24494,49140,114852,114770,229622
2935,2936,SYDNEY,2004,1,98642,98750,197392,28085,28031,56116,126727,126781,253508
2936,2937,SYDNEY,2005,1,99482,99559,199041,29407,29296,58703,128889,128855,257744
2937,2938,SYDNEY,2006,1,101449,101378,202827,29131,29091,58222,130580,130469,261049
2938,2939,SYDNEY,2007,1,104550,104835,209385,29322,29214,58536,133872,134049,267921
2939,2940,SYDNEY,2008,1,109096,109716,218812,30164,30072,60236,139260,139788,279048
2940,2941,SYDNEY,2009,1,104373,104470,208843,30068,29832,59900,134441,134302,268743
2941,2942,SYDNEY,2010,1,113029,113203,226232,31355,31161,62516,144384,144364,288748
2942,2943,SYDNEY,2011,1,112051,112274,224325,32559,32442,65001,144610,144716,289326
2943,2944,SYDNEY,2012,1,116598,116808,233406,33601,33456,67057,150199,150264,300463
2944,2945,SYDNEY,2013,1,118705,118845,237550,34544,34356,68900,153249,153201,306450
2945,2946,SYDNEY,2014,1,117703,117805,235508,34853,34694,69547,152556,152499,305055
2946,2947,SYDNEY,2015,1,121226,121522,242748,34268,34185,68453,155494,155707,311201
2947,2948,SYDNEY,2016,1,122628,123014,245642,37215,37159,74374,159843,160173,320016
2948,2949,SYDNEY,2017,1,121022,121326,242348,38990,38935,77925,160012,160261,320273
2949,2950,SYDNEY,2018,1,119536,119833,239369,40627,40580,81207,160163,160413,320576
2950,2951,SYDNEY,2019,1,121019,121257,242276,40932,40936,81868,161951,162193,324144
2951,2952,SYDNEY,2020,1,42889,42973,85862,18135,17978,36113,61024,60951,121975
2952,2953,TAMWORTH,1985,,2333,2338,4671,0,0,0,2333,2338,4671
2953,2954,TAMWORTH,1986,,2339,2340,4679,0,0,0,2339,2340,4679
2954,2955,TAMWORTH,1987,32,2501,2502,5003,0,0,0,2501,2502,5003
2955,2956,TAMWORTH,1988,,2322,2328,4650,0,0,0,2322,2328,4650
2956,2957,TAMWORTH,1989,,2141,2123,4264,0,0,0,2141,2123,4264
2957,2958,TAMWORTH,1990,,2384,2382,4766,0,0,0,2384,2382,4766
2958,2959,TAMWORTH,1991,26,3333,3346,6679,0,0,0,3333,3346,6679
2959,2960,TAMWORTH,1992,24,3615,3640,7255,0,0,0,3615,3640,7255
2960,2961,TAMWORTH,1993,22,4193,4218,8411,0,0,0,4193,4218,8411
2961,2962,TAMWORTH,1994,24,4126,4134,8260,0,0,0,4126,4134,8260
2962,2963,TAMWORTH,1995,22,4476,4430,8906,0,0,0,4476,4430,8906
2963,2964,TAMWORTH,1996,24,4210,4152,8362,0,0,0,4210,4152,8362
2964,2965,TAMWORTH,1997,25,3840,3845,7685,0,0,0,3840,3845,7685
2965,2966,TAMWORTH,1998,23,4033,3984,8017,0,0,0,4033,3984,8017
2966,2967,TAMWORTH,1999,24,4343,4365,8708,0,0,0,4343,4365,8708
2967,2968,TAMWORTH,2000,18,5715,5787,11502,0,0,0,5715,5787,11502
2968,2969,TAMWORTH,2001,18,4510,4613,9123,0,0,0,4510,4613,9123
2969,2970,TAMWORTH,2002,28,2789,2756,5545,0,0,0,2789,2756,5545
2970,2971,TAMWORTH,2003,,2038,2021,4059,0,0,0,2038,2021,4059
2971,2972,TAMWORTH,2004,30,2531,2533,5064,0,0,0,2531,2533,5064
2972,2973,TAMWORTH,2005,30,2513,2514,5027,0,0,0,2513,2514,5027
2973,2974,TAMWORTH,2006,,2414,2412,4826,0,0,0,2414,2412,4826
2974,2975,TAMWORTH,2007,,1736,1736,3472,0,0,0,1736,1736,3472
2975,2976,TAMWORTH,2008,,1771,1773,3544,0,0,0,1771,1773,3544
2976,2977,TAMWORTH,2009,,1728,1727,3455,0,0,0,1728,1727,3455
2977,2978,TAMWORTH,2010,,2219,2221,4440,0,0,0,2219,2221,4440
2978,2979,TAMWORTH,2011,,2338,2338,4676,0,0,0,2338,2338,4676
2979,2980,TAMWORTH,2012,,2291,2283,4574,0,0,0,2291,2283,4574
2980,2981,TAMWORTH,2013,,2307,2307,4614,0,0,0,2307,2307,4614
2981,2982,TAMWORTH,2014,,1871,1868,3739,0,0,0,1871,1868,3739
2982,2983,TAMWORTH,2015,,2025,2029,4054,0,0,0,2025,2029,4054
2983,2984,TAMWORTH,2016,,2320,2317,4637,0,0,0,2320,2317,4637
2984,2985,TAMWORTH,2017,26,2782,2775,5557,0,0,0,2782,2775,5557
2985,2986,TAMWORTH,2018,,2492,2486,4978,0,0,0,2492,2486,4978
2986,2987,TAMWORTH,2019,30,2511,2499,5010,0,0,0,2511,2499,5010
2987,2988,TAMWORTH,2020,,949,929,1878,0,0,0,949,929,1878
2988,2989,THURSDAY ISLAND,1985,,347,350,697,0,0,0,347,350,697
2989,2990,THURSDAY ISLAND,1986,,458,447,905,0,0,0,458,447,905
2990,2991,THURSDAY ISLAND,1987,,646,653,1299,0,0,0,646,653,1299
2991,2992,THURSDAY ISLAND,1988,,1500,1500,3000,0,0,0,1500,1500,3000
2992,2993,THURSDAY ISLAND,1989,,1552,1550,3102,0,0,0,1552,1550,3102
2993,2994,THURSDAY ISLAND,1990,,636,661,1297,0,0,0,636,661,1297
2994,2995,THURSDAY ISLAND,1991,,1978,2094,4072,0,0,0,1978,2094,4072
2995,2996,THURSDAY ISLAND,1992,29,2799,3052,5851,0,0,0,2799,3052,5851
2996,2997,THURSDAY ISLAND,1993,,1765,1734,3499,0,0,0,1765,1734,3499
2997,2998,THURSDAY ISLAND,1994,,1103,1109,2212,0,0,0,1103,1109,2212
2998,2999,THURSDAY ISLAND,1995,,930,939,1869,0,0,0,930,939,1869
2999,3000,THURSDAY ISLAND,1996,,1156,1158,2314,0,0,0,1156,1158,2314
3000,3001,THURSDAY ISLAND,1997,,933,933,1866,0,0,0,933,933,1866
3001,3002,THURSDAY ISLAND,1998,,947,946,1893,0,0,0,947,946,1893
3002,3003,THURSDAY ISLAND,1999,,1300,1300,2600,0,0,0,1300,1300,2600
3003,3004,THURSDAY ISLAND,2000,,1117,1117,2234,0,0,0,1117,1117,2234
3004,3005,THURSDAY ISLAND,2001,,878,880,1758,0,0,0,878,880,1758
3005,3006,THURSDAY ISLAND,2002,,895,894,1789,0,0,0,895,894,1789
3006,3007,THURSDAY ISLAND,2003,,896,890,1786,0,0,0,896,890,1786
3007,3008,THURSDAY ISLAND,2004,,889,889,1778,0,0,0,889,889,1778
3008,3009,THURSDAY ISLAND,2005,,873,873,1746,0,0,0,873,873,1746
3009,3010,THURSDAY ISLAND,2006,,868,867,1735,0,0,0,868,867,1735
3010,3011,THURSDAY ISLAND,2007,,938,937,1875,0,0,0,938,937,1875
3011,3012,THURSDAY ISLAND,2008,,876,878,1754,0,0,0,876,878,1754
3012,3013,THURSDAY ISLAND,2009,,2387,2384,4771,0,0,0,2387,2384,4771
3013,3014,THURSDAY ISLAND,2010,24,3154,3133,6287,0,0,0,3154,3133,6287
3014,3015,THURSDAY ISLAND,2011,18,3721,3691,7412,0,0,0,3721,3691,7412
3015,3016,THURSDAY ISLAND,2012,19,3530,3527,7057,0,0,0,3530,3527,7057
3016,3017,THURSDAY ISLAND,2013,24,3457,3390,6847,0,0,0,3457,3390,6847
3017,3018,THURSDAY ISLAND,2014,26,2986,2988,5974,0,0,0,2986,2988,5974
3018,3019,THURSDAY ISLAND,2015,24,3028,3031,6059,0,0,0,3028,3031,6059
3019,3020,THURSDAY ISLAND,2016,25,3362,3354,6716,0,0,0,3362,3354,6716
3020,3021,THURSDAY ISLAND,2017,23,3446,3455,6901,0,0,0,3446,3455,6901
3021,3022,THURSDAY ISLAND,2018,22,3492,3485,6977,0,0,0,3492,3485,6977
3022,3023,THURSDAY ISLAND,2019,23,2990,3015,6005,0,0,0,2990,3015,6005
3023,3024,THURSDAY ISLAND,2020,,1770,1774,3544,0,0,0,1770,1774,3544
3024,3025,TOOWOOMBA WELLCAMP,1985,,0,0,0,0,0,0,0,0,0
3025,3026,TOOWOOMBA WELLCAMP,1986,,0,0,0,0,0,0,0,0,0
3026,3027,TOOWOOMBA WELLCAMP,1987,,0,0,0,0,0,0,0,0,0
3027,3028,TOOWOOMBA WELLCAMP,1988,,0,0,0,0,0,0,0,0,0
3028,3029,TOOWOOMBA WELLCAMP,1989,,0,0,0,0,0,0,0,0,0
3029,3030,TOOWOOMBA WELLCAMP,1990,,0,0,0,0,0,0,0,0,0
3030,3031,TOOWOOMBA WELLCAMP,1991,,0,0,0,0,0,0,0,0,0
3031,3032,TOOWOOMBA WELLCAMP,1992,,0,0,0,0,0,0,0,0,0
3032,3033,TOOWOOMBA WELLCAMP,1993,,0,0,0,0,0,0,0,0,0
3033,3034,TOOWOOMBA WELLCAMP,1994,,0,0,0,0,0,0,0,0,0
3034,3035,TOOWOOMBA WELLCAMP,1995,,0,0,0,0,0,0,0,0,0
3035,3036,TOOWOOMBA WELLCAMP,1996,,0,0,0,0,0,0,0,0,0
3036,3037,TOOWOOMBA WELLCAMP,1997,,0,0,0,0,0,0,0,0,0
3037,3038,TOOWOOMBA WELLCAMP,1998,,0,0,0,0,0,0,0,0,0
3038,3039,TOOWOOMBA WELLCAMP,1999,,0,0,0,0,0,0,0,0,0
3039,3040,TOOWOOMBA WELLCAMP,2000,,0,0,0,0,0,0,0,0,0
3040,3041,TOOWOOMBA WELLCAMP,2001,,0,0,0,0,0,0,0,0,0
3041,3042,TOOWOOMBA WELLCAMP,2002,,0,0,0,0,0,0,0,0,0
3042,3043,TOOWOOMBA WELLCAMP,2003,,0,0,0,0,0,0,0,0,0
3043,3044,TOOWOOMBA WELLCAMP,2004,,0,0,0,0,0,0,0,0,0
3044,3045,TOOWOOMBA WELLCAMP,2005,,0,0,0,0,0,0,0,0,0
3045,3046,TOOWOOMBA WELLCAMP,2006,,0,0,0,0,0,0,0,0,0
3046,3047,TOOWOOMBA WELLCAMP,2007,,0,0,0,0,0,0,0,0,0
3047,3048,TOOWOOMBA WELLCAMP,2008,,0,0,0,0,0,0,0,0,0
3048,3049,TOOWOOMBA WELLCAMP,2009,,0,0,0,0,0,0,0,0,0
3049,3050,TOOWOOMBA WELLCAMP,2010,,0,0,0,0,0,0,0,0,0
3050,3051,TOOWOOMBA WELLCAMP,2011,,0,0,0,0,0,0,0,0,0
3051,3052,TOOWOOMBA WELLCAMP,2012,,0,0,0,0,0,0,0,0,0
3052,3053,TOOWOOMBA WELLCAMP,2013,,0,0,0,0,0,0,0,0,0
3053,3054,TOOWOOMBA WELLCAMP,2014,,60,60,120,0,0,0,60,60,120
3054,3055,TOOWOOMBA WELLCAMP,2015,,1025,1060,2085,0,0,0,1025,1060,2085
3055,3056,TOOWOOMBA WELLCAMP,2016,,1598,1619,3217,4,4,8,1602,1623,3225
3056,3057,TOOWOOMBA WELLCAMP,2017,,1944,1943,3887,38,38,76,1982,1981,3963
3057,3058,TOOWOOMBA WELLCAMP,2018,,1730,1731,3461,48,48,96,1778,1779,3557
3058,3059,TOOWOOMBA WELLCAMP,2019,,1542,1543,3085,50,50,100,1592,1593,3185
3059,3060,TOOWOOMBA WELLCAMP,2020,,769,768,1537,80,102,182,849,870,1719
3060,3061,TOWNSVILLE,1985,7,8791,8810,17601,104,105,209,8895,8915,17810
3061,3062,TOWNSVILLE,1986,7,8584,8452,17036,154,152,306,8738,8604,17342
3062,3063,TOWNSVILLE,1987,8,8370,8257,16627,136,139,275,8506,8396,16902
3063,3064,TOWNSVILLE,1988,9,8336,8239,16575,186,186,372,8522,8425,16947
3064,3065,TOWNSVILLE,1989,9,6665,6783,13448,255,254,509,6920,7037,13957
3065,3066,TOWNSVILLE,1990,10,5672,5652,11324,161,161,322,5833,5813,11646
3066,3067,TOWNSVILLE,1991,9,7440,7427,14867,44,44,88,7484,7471,14955
3067,3068,TOWNSVILLE,1992,11,7070,7098,14168,18,18,36,7088,7116,14204
3068,3069,TOWNSVILLE,1993,11,7119,7145,14264,104,104,208,7223,7249,14472
3069,3070,TOWNSVILLE,1994,10,7790,7802,15592,58,58,116,7848,7860,15708
3070,3071,TOWNSVILLE,1995,10,8279,8283,16562,0,0,0,8279,8283,16562
3071,3072,TOWNSVILLE,1996,10,8810,8814,17624,0,0,0,8810,8814,17624
3072,3073,TOWNSVILLE,1997,10,8962,8968,17930,55,49,104,9017,9017,18034
3073,3074,TOWNSVILLE,1998,10,8699,8694,17393,22,22,44,8721,8716,17437
3074,3075,TOWNSVILLE,1999,10,8772,8763,17535,14,11,25,8786,8774,17560
3075,3076,TOWNSVILLE,2000,10,9405,9366,18771,0,0,0,9405,9366,18771
3076,3077,TOWNSVILLE,2001,10,7956,7875,15831,18,16,34,7974,7891,15865
3077,3078,TOWNSVILLE,2002,10,6826,6745,13571,0,0,0,6826,6745,13571
3078,3079,TOWNSVILLE,2003,10,8217,8184,16401,0,0,0,8217,8184,16401
3079,3080,TOWNSVILLE,2004,9,9070,9090,18160,0,0,0,9070,9090,18160
3080,3081,TOWNSVILLE,2005,9,11036,11101,22137,0,0,0,11036,11101,22137
3081,3082,TOWNSVILLE,2006,9,10850,10832,21682,3,3,6,10853,10835,21688
3082,3083,TOWNSVILLE,2007,9,10175,10169,20344,0,0,0,10175,10169,20344
3083,3084,TOWNSVILLE,2008,10,10115,10139,20254,0,0,0,10115,10139,20254
3084,3085,TOWNSVILLE,2009,10,11706,11831,23537,0,0,0,11706,11831,23537
3085,3086,TOWNSVILLE,2010,9,14041,14208,28249,7,8,15,14048,14216,28264
3086,3087,TOWNSVILLE,2011,9,14208,14333,28541,52,52,104,14260,14385,28645
3087,3088,TOWNSVILLE,2012,9,13750,13929,27679,0,0,0,13750,13929,27679
3088,3089,TOWNSVILLE,2013,10,13510,13721,27231,0,0,0,13510,13721,27231
3089,3090,TOWNSVILLE,2014,10,12765,12976,25741,0,0,0,12765,12976,25741
3090,3091,TOWNSVILLE,2015,10,12515,12529,25044,44,45,89,12559,12574,25133
3091,3092,TOWNSVILLE,2016,10,12652,12642,25294,153,154,307,12805,12796,25601
3092,3093,TOWNSVILLE,2017,10,12663,12642,25305,230,228,458,12893,12870,25763
3093,3094,TOWNSVILLE,2018,10,12095,12151,24246,112,112,224,12207,12263,24470
3094,3095,TOWNSVILLE,2019,10,12002,12055,24057,0,0,0,12002,12055,24057
3095,3096,TOWNSVILLE,2020,7,7506,7552,15058,0,0,0,7506,7552,15058
3096,3097,WAGGA WAGGA,1985,27,2949,2986,5935,0,0,0,2949,2986,5935
3097,3098,WAGGA WAGGA,1986,25,2965,2960,5925,0,0,0,2965,2960,5925
3098,3099,WAGGA WAGGA,1987,24,2988,2962,5950,0,0,0,2988,2962,5950
3099,3100,WAGGA WAGGA,1988,27,3043,3020,6063,0,0,0,3043,3020,6063
3100,3101,WAGGA WAGGA,1989,26,2801,2728,5529,0,0,0,2801,2728,5529
3101,3102,WAGGA WAGGA,1990,30,2657,2638,5295,0,0,0,2657,2638,5295
3102,3103,WAGGA WAGGA,1991,28,3207,3102,6309,0,0,0,3207,3102,6309
3103,3104,WAGGA WAGGA,1992,20,4538,4533,9071,0,0,0,4538,4533,9071
3104,3105,WAGGA WAGGA,1993,19,4694,4690,9384,0,0,0,4694,4690,9384
3105,3106,WAGGA WAGGA,1994,27,3442,3424,6866,0,0,0,3442,3424,6866
3106,3107,WAGGA WAGGA,1995,27,3587,3586,7173,0,0,0,3587,3586,7173
3107,3108,WAGGA WAGGA,1996,25,4009,4003,8012,0,0,0,4009,4003,8012
3108,3109,WAGGA WAGGA,1997,23,3905,3894,7799,0,0,0,3905,3894,7799
3109,3110,WAGGA WAGGA,1998,26,3720,3714,7434,0,0,0,3720,3714,7434
3110,3111,WAGGA WAGGA,1999,26,3946,3965,7911,0,0,0,3946,3965,7911
3111,3112,WAGGA WAGGA,2000,24,3955,3951,7906,0,0,0,3955,3951,7906
3112,3113,WAGGA WAGGA,2001,22,3989,3977,7966,0,0,0,3989,3977,7966
3113,3114,WAGGA WAGGA,2002,22,3179,3167,6346,0,0,0,3179,3167,6346
3114,3115,WAGGA WAGGA,2003,21,3343,3327,6670,0,0,0,3343,3327,6670
3115,3116,WAGGA WAGGA,2004,23,3363,3354,6717,0,0,0,3363,3354,6717
3116,3117,WAGGA WAGGA,2005,23,3562,3560,7122,0,0,0,3562,3560,7122
3117,3118,WAGGA WAGGA,2006,19,3908,3913,7821,0,0,0,3908,3913,7821
3118,3119,WAGGA WAGGA,2007,18,4099,4106,8205,0,0,0,4099,4106,8205
3119,3120,WAGGA WAGGA,2008,18,3813,3811,7624,0,0,0,3813,3811,7624
3120,3121,WAGGA WAGGA,2009,17,3816,3822,7638,0,0,0,3816,3822,7638
3121,3122,WAGGA WAGGA,2010,19,3676,3674,7350,0,0,0,3676,3674,7350
3122,3123,WAGGA WAGGA,2011,20,3566,3562,7128,0,0,0,3566,3562,7128
3123,3124,WAGGA WAGGA,2012,22,3437,3402,6839,0,0,0,3437,3402,6839
3124,3125,WAGGA WAGGA,2013,21,3534,3495,7029,0,0,0,3534,3495,7029
3125,3126,WAGGA WAGGA,2014,21,3527,3554,7081,0,0,0,3527,3554,7081
3126,3127,WAGGA WAGGA,2015,21,3533,3586,7119,0,0,0,3533,3586,7119
3127,3128,WAGGA WAGGA,2016,22,3561,3615,7176,0,0,0,3561,3615,7176
3128,3129,WAGGA WAGGA,2017,19,3821,3835,7656,0,0,0,3821,3835,7656
3129,3130,WAGGA WAGGA,2018,21,3520,3519,7039,0,0,0,3520,3519,7039
3130,3131,WAGGA WAGGA,2019,20,3398,3398,6796,0,0,0,3398,3398,6796
3131,3132,WAGGA WAGGA,2020,,1281,1295,2576,0,0,0,1281,1295,2576
3132,3133,WEIPA,1985,,878,870,1748,0,0,0,878,870,1748
3133,3134,WEIPA,1986,,1073,1077,2150,0,0,0,1073,1077,2150
3134,3135,WEIPA,1987,,1019,1021,2040,0,0,0,1019,1021,2040
3135,3136,WEIPA,1988,,986,998,1984,0,0,0,986,998,1984
3136,3137,WEIPA,1989,,678,678,1356,0,0,0,678,678,1356
3137,3138,WEIPA,1990,,655,654,1309,0,0,0,655,654,1309
3138,3139,WEIPA,1991,,688,686,1374,0,0,0,688,686,1374
3139,3140,WEIPA,1992,,553,550,1103,0,0,0,553,550,1103
3140,3141,WEIPA,1993,,392,392,784,0,0,0,392,392,784
3141,3142,WEIPA,1994,,367,368,735,0,0,0,367,368,735
3142,3143,WEIPA,1995,,376,378,754,0,0,0,376,378,754
3143,3144,WEIPA,1996,,367,368,735,0,0,0,367,368,735
3144,3145,WEIPA,1997,,469,469,938,0,0,0,469,469,938
3145,3146,WEIPA,1998,,468,468,936,0,0,0,468,468,936
3146,3147,WEIPA,1999,,462,462,924,0,0,0,462,462,924
3147,3148,WEIPA,2000,,432,430,862,0,0,0,432,430,862
3148,3149,WEIPA,2001,,368,364,732,0,0,0,368,364,732
3149,3150,WEIPA,2002,,463,462,925,0,0,0,463,462,925
3150,3151,WEIPA,2003,,495,495,990,0,0,0,495,495,990
3151,3152,WEIPA,2004,,623,624,1247,0,0,0,623,624,1247
3152,3153,WEIPA,2005,,612,612,1224,0,0,0,612,612,1224
3153,3154,WEIPA,2006,,691,691,1382,0,0,0,691,691,1382
3154,3155,WEIPA,2007,,821,821,1642,0,0,0,821,821,1642
3155,3156,WEIPA,2008,,892,889,1781,0,0,0,892,889,1781
3156,3157,WEIPA,2009,,735,737,1472,0,0,0,735,737,1472
3157,3158,WEIPA,2010,,521,521,1042,0,0,0,521,521,1042
3158,3159,WEIPA,2011,,704,702,1406,0,0,0,704,702,1406
3159,3160,WEIPA,2012,,859,859,1718,0,0,0,859,859,1718
3160,3161,WEIPA,2013,,875,875,1750,0,0,0,875,875,1750
3161,3162,WEIPA,2014,,845,842,1687,0,0,0,845,842,1687
3162,3163,WEIPA,2015,,1052,1052,2104,0,0,0,1052,1052,2104
3163,3164,WEIPA,2016,,1110,1112,2222,0,0,0,1110,1112,2222
3164,3165,WEIPA,2017,,984,999,1983,0,0,0,984,999,1983
3165,3166,WEIPA,2018,,856,902,1758,0,0,0,856,902,1758
3166,3167,WEIPA,2019,,776,776,1552,0,0,0,776,776,1552
3167,3168,WEIPA,2020,,508,530,1038,0,0,0,508,530,1038
3168,3169,WHYALLA,1985,,1837,1838,3675,0,0,0,1837,1838,3675
3169,3170,WHYALLA,1986,31,2648,2677,5325,0,0,0,2648,2677,5325
3170,3171,WHYALLA,1987,,1842,1880,3722,0,0,0,1842,1880,3722
3171,3172,WHYALLA,1988,,1608,1582,3190,0,0,0,1608,1582,3190
3172,3173,WHYALLA,1989,,1480,1469,2949,0,0,0,1480,1469,2949
3173,3174,WHYALLA,1990,,1604,1602,3206,0,0,0,1604,1602,3206
3174,3175,WHYALLA,1991,,2201,2205,4406,0,0,0,2201,2205,4406
3175,3176,WHYALLA,1992,,2056,2050,4106,0,0,0,2056,2050,4106
3176,3177,WHYALLA,1993,,2219,2240,4459,0,0,0,2219,2240,4459
3177,3178,WHYALLA,1994,,2232,2233,4465,0,0,0,2232,2233,4465
3178,3179,WHYALLA,1995,,2381,2378,4759,0,0,0,2381,2378,4759
3179,3180,WHYALLA,1996,,2365,2385,4750,0,0,0,2365,2385,4750
3180,3181,WHYALLA,1997,,2363,2375,4738,0,0,0,2363,2375,4738
3181,3182,WHYALLA,1998,,2376,2380,4756,0,0,0,2376,2380,4756
3182,3183,WHYALLA,1999,,2342,2350,4692,0,0,0,2342,2350,4692
3183,3184,WHYALLA,2000,,2185,2177,4362,0,0,0,2185,2177,4362
3184,3185,WHYALLA,2001,,2405,2388,4793,0,0,0,2405,2388,4793
3185,3186,WHYALLA,2002,,2300,2294,4594,0,0,0,2300,2294,4594
3186,3187,WHYALLA,2003,,2086,2085,4171,0,0,0,2086,2085,4171
3187,3188,WHYALLA,2004,,1992,1988,3980,0,0,0,1992,1988,3980
3188,3189,WHYALLA,2005,,2112,2113,4225,0,0,0,2112,2113,4225
3189,3190,WHYALLA,2006,,2389,2389,4778,0,0,0,2389,2389,4778
3190,3191,WHYALLA,2007,,2222,2223,4445,0,0,0,2222,2223,4445
3191,3192,WHYALLA,2008,,1649,1649,3298,0,0,0,1649,1649,3298
3192,3193,WHYALLA,2009,,1367,1367,2734,0,0,0,1367,1367,2734
3193,3194,WHYALLA,2010,,1431,1430,2861,0,0,0,1431,1430,2861
3194,3195,WHYALLA,2011,,1427,1425,2852,0,0,0,1427,1425,2852
3195,3196,WHYALLA,2012,,1525,1523,3048,0,0,0,1525,1523,3048
3196,3197,WHYALLA,2013,,1510,1508,3018,0,0,0,1510,1508,3018
3197,3198,WHYALLA,2014,,1468,1466,2934,0,0,0,1468,1466,2934
3198,3199,WHYALLA,2015,,1882,1878,3760,0,0,0,1882,1878,3760
3199,3200,WHYALLA,2016,,1981,1975,3956,0,0,0,1981,1975,3956
3200,3201,WHYALLA,2017,,1872,1870,3742,0,0,0,1872,1870,3742
3201,3202,WHYALLA,2018,,1844,1841,3685,0,0,0,1844,1841,3685
3202,3203,WHYALLA,2019,,2067,2062,4129,0,0,0,2067,2062,4129
3203,3204,WHYALLA,2020,,798,796,1594,0,0,0,798,796,1594
3204,3205,WOLLONGONG,1985,,201,199,400,0,0,0,201,199,400
3205,3206,WOLLONGONG,1986,,183,180,363,0,0,0,183,180,363
3206,3207,WOLLONGONG,1987,,153,157,310,0,0,0,153,157,310
3207,3208,WOLLONGONG,1988,,0,0,0,0,0,0,0,0,0
3208,3209,WOLLONGONG,1989,,0,0,0,0,0,0,0,0,0
3209,3210,WOLLONGONG,1990,,0,0,0,0,0,0,0,0,0
3210,3211,WOLLONGONG,1991,,0,0,0,0,0,0,0,0,0
3211,3212,WOLLONGONG,1992,,0,0,0,0,0,0,0,0,0
3212,3213,WOLLONGONG,1993,,0,0,0,0,0,0,0,0,0
3213,3214,WOLLONGONG,1994,,48,48,96,0,0,0,48,48,96
3214,3215,WOLLONGONG,1995,,0,0,0,0,0,0,0,0,0
3215,3216,WOLLONGONG,1996,,0,0,0,0,0,0,0,0,0
3216,3217,WOLLONGONG,1997,,80,80,160,0,0,0,80,80,160
3217,3218,WOLLONGONG,1998,,551,551,1102,0,0,0,551,551,1102
3218,3219,WOLLONGONG,1999,,985,985,1970,0,0,0,985,985,1970
3219,3220,WOLLONGONG,2000,,503,531,1034,0,0,0,503,531,1034
3220,3221,WOLLONGONG,2001,,17,24,41,0,0,0,17,24,41
3221,3222,WOLLONGONG,2002,,0,0,0,0,0,0,0,0,0
3222,3223,WOLLONGONG,2003,,0,0,0,0,0,0,0,0,0
3223,3224,WOLLONGONG,2004,,0,0,0,0,0,0,0,0,0
3224,3225,WOLLONGONG,2005,,210,209,419,0,0,0,210,209,419
3225,3226,WOLLONGONG,2006,,356,352,708,0,0,0,356,352,708
3226,3227,WOLLONGONG,2007,,351,348,699,0,0,0,351,348,699
3227,3228,WOLLONGONG,2008,,190,190,380,0,0,0,190,190,380
3228,3229,WOLLONGONG,2009,,0,0,0,0,0,0,0,0,0
3229,3230,WOLLONGONG,2010,,0,0,0,0,0,0,0,0,0
3230,3231,WOLLONGONG,2011,,0,0,0,0,0,0,0,0,0
3231,3232,WOLLONGONG,2012,,0,0,0,0,0,0,0,0,0
3232,3233,WOLLONGONG,2013,,0,0,0,0,0,0,0,0,0
3233,3234,WOLLONGONG,2014,,0,0,0,0,0,0,0,0,0
3234,3235,WOLLONGONG,2015,,0,0,0,0,0,0,0,0,0
3235,3236,WOLLONGONG,2016,,0,0,0,0,0,0,0,0,0
3236,3237,WOLLONGONG,2017,,144,148,292,0,0,0,144,148,292
3237,3238,WOLLONGONG,2018,,416,419,835,0,0,0,416,419,835
3238,3239,WOLLONGONG,2019,,622,860,1482,0,0,0,622,860,1482
3239,3240,WOLLONGONG,2020,,287,275,562,0,0,0,287,275,562
